b'   12397844  12277453  12314241  12451202  12616297  12323184  12464606  12312192'
b'   12440426  12316397  12352012  12490796  12657428  12359871  12505634  12353249'
b'   12523717  12393933  12425858  12568546  12736502  12431207  12588637  12430333'
b'   12556949  12424794  12454673  12599264  12767594  12459675  12622146  12460288'
b'   12575771  12442128  12470564  12616666  12784997  12475586  12640892  12476717'
b'   12589004  12454198  12481682  12628712  12797034  12486872  12653875  12488355'
b'   12599461  12463710  12490571  12638328  12806581  12495870  12663941  12497478'
b'   12607274  12470648  12497108  12645339  12813699  12502412  12671306  12504238'
b'   12614257  12477059  12503140  12651800  12820177  12508545  12678061  12510617'
b'   12619956  12482216  12507999  12656964  12825636  12513527  12683587  12515646'
b'   12625042  12486669  12512137  12661375  12830142  12517791  12688161  12520023'
b'   12629835  12491141  12516350  12665806  12834720  12522098  12692656  12524509'
b'   12633085  12493879  12519071  12668652  12837628  12524745  12695672  12527241'
b'   12636438  12496759  12521730  12671541  12840803  12527644  12698603  12530235'
b'   12640167  12500106  12525023  12674848  12844199  12530826  12701987  12533597'
b'   12643400  12503093  12527872  12677893  12847318  12533697  12704949  12536432'
b'   12646527  12505999  12530535  12680649  12850265  12536335  12707858  12539236'
b'   12648980  12508037  12532611  12682824  12852575  12538306  12710027  12541315'
b'   12651413  12510332  12534751  12685088  12854833  12540403  12712352  12543605'
b'   12653537  12512239  12536642  12686987  12856790  12542243  12714227  12545494'
b'   12655546  12513866  12538206  12688528  12858689  12543717  12715904  12547338'
b'   12658063  12516210  12540418  12690754  12861108  12546055  12718239  12549735'
b'   12659344  12517307  12541509  12691822  12862244  12546954  12719308  12550728'
b'   12662099  12519941  12544112  12694451  12864976  12549570  12721937  12553313'
b'   12663198  12520983  12545151  12695673  12866099  12550509  12722939  12554059'
b'   12664233  12521744  12545806  12696572  12866918  12551263  12723722  12554628'
b'   12665950  12523607  12547648  12698357  12868612  12553003  12725462  12556223'
b'   12667061  12524583  12548491  12699623  12869652  12553917  12726448  12556817'
b'   12667838  12525433  12549256  12700420  12870239  12554517  12727136  12557272'
b'   12669363  12526808  12550579  12701794  12871751  12555793  12728598  12558340'
b'   12670732  12528123  12551815  12703266  12872913  12557014  12729895  12559506'
b'   12671402  12528668  12552348  12703613  12873400  12557339  12730337  12559940'
b'   12673658  12530752  12554319  12705752  12875421  12559365  12732364  12562038'
b'   12674155  12531214  12554834  12706202  12875900  12559752  12732852  12562410'
b'   12675282  12532216  12555719  12707119  12876926  12560443  12733693  12563297'
b'   12677279  12534159  12557720  12709090  12878791  12562377  12735625  12565266'
b'   12678176  12534919  12558567  12709815  12879727  12563126  12736403  12565975'
b'   12678506  12535204  12558765  12710093  12879926  12563304  12736597  12566128'
b'   12679187  12535713  12559197  12710596  12880634  12563678  12737106  12566703'
b'   12680584  12537155  12560546  12711942  12882018  12564917  12738558  12568068'
b'   12682726  12539155  12562663  12713898  12883898  12566919  12740404  12570034'
b'   12682897  12539194  12562688  12713948  12884178  12566925  12740444  12570158'
b'   12684313  12540596  12564145  12715378  12885589  12568173  12741915  12571713'
b'   12685088  12541258  12564640  12715881  12886294  12568819  12742448  12572304'
b'   12686133  12542189  12565721  12716851  12887344  12569711  12743470  12573370'
b'   12687084  12542953  12566507  12717635  12888313  12570427  12744213  12574295'
b'   12686561  12542425  12565931  12717082  12887767  12569795  12743594  12573660'
b'   12688987  12544841  12568374  12719502  12890105  12572216  12745882  12576040'
b'   12688748  12544640  12567990  12719365  12889912  12571900  12745627  12575438'
b'   12689634  12545459  12568846  12720268  12890730  12572636  12746498  12576084'
b'   12689518  12545304  12568584  12720046  12890489  12572436  12746269  12575732'
b'   12691063  12546914  12570231  12721711  12891937  12573947  12747800  12577055'
b'   12691124  12546878  12570282  12721930  12891941  12573853  12747811  12576765'
b'   12691296  12546978  12570300  12722039  12891921  12573949  12747979  12576793'
b'   12692567  12548161  12571571  12723318  12892984  12575014  12749096  12578071'
b'   12693629  12549030  12572537  12724169  12893938  12575772  12749931  12578975'
b'   12694193  12549673  12572992  12724699  12894409  12576245  12750314  12579565'
b'   12693802  12549074  12572337  12724022  12893893  12575569  12749702  12578873'
b'   12694689  12549958  12573248  12725083  12894774  12576356  12750578  12579827'
b'   12696049  12551447  12574741  12726433  12896163  12577727  12751913  12580971'
b'   12696191  12551570  12575000  12726563  12896462  12577853  12752115  12580915'
b'   12695163  12550401  12573850  12725515  12895440  12576624  12750931  12579803'
b'   12697067  12552415  12575684  12727269  12897308  12578588  12752789  12581775'
b'   12696991  12552119  12575479  12727044  12897190  12578226  12752508  12581504'
b'   12697459  12552555  12575881  12727576  12897715  12578544  12752980  12582011'
b'   12698687  12553777  12577173  12728799  12898926  12579851  12754203  12583230'
b'   12699369  12554317  12577670  12729179  12899528  12580248  12754618  12583881'
b'   12700024  12554921  12578354  12729757  12900198  12580941  12755223  12584811'
b'   12700026  12554980  12578347  12729703  12900339  12580892  12755238  12584832'
b'   12700142  12554840  12578358  12729736  12900399  12580816  12755163  12584875'
b'   12701643  12556513  12579868  12731311  12902009  12582432  12756754  12586417'
b'   12702194  12557064  12580451  12731867  12902425  12582939  12757235  12586816'
b'   12702327  12557114  12580473  12732030  12902487  12582946  12757248  12586735'
b'   12701187  12556027  12579492  12731013  12901559  12581874  12756300  12585416'
b'   12701869  12556860  12580095  12731904  12902184  12582494  12756938  12585998'
b'   12702876  12557870  12581045  12733010  12903007  12583493  12757994  12586520'
b'   12702683  12557718  12581046  12732983  12902767  12583325  12757781  12586142'
b'   12702832  12557828  12581062  12733078  12902775  12583295  12757735  12586005'
b'   12703102  12557937  12581324  12733322  12902971  12583389  12757943  12586195'
b'   12703077  12557940  12581200  12733216  12902961  12583193  12757829  12586075'
b'   12703482  12558237  12581434  12733500  12903254  12583517  12758169  12586404'
b'   12704612  12559419  12582801  12734743  12904423  12584689  12759370  12587614'
b'   12704630  12559396  12582715  12734647  12904409  12584562  12759251  12587518'
b'   12705135  12559883  12583329  12735075  12904875  12584957  12759662  12587951'
b'   12705685  12560324  12583646  12735477  12905416  12585343  12760122  12588515'
b'   12706270  12560968  12584373  12736142  12906018  12586058  12760764  12589175'
b'   12706620  12561195  12584568  12736324  12906314  12586291  12760784  12589404'
b'   12706868  12561475  12584797  12736574  12906708  12586395  12761176  12589766'
b'   12707363  12561816  12585202  12736910  12907048  12586654  12761472  12590197'
b'   12707778  12562195  12585672  12737240  12907506  12587094  12761954  12590766'
b'   12708590  12562865  12586310  12737758  12908356  12587823  12762625  12591750'
b'   12708854  12563223  12586661  12738132  12908777  12588100  12762916  12592151'
b'   12709533  12563708  12587145  12738678  12909388  12588656  12763522  12592728'
b'   12710068  12564400  12587820  12739345  12909996  12589229  12764097  12593307'
b'   12709295  12563591  12586970  12738647  12909275  12588527  12763295  12592384'
b'   12710381  12564813  12588166  12739966  12910317  12589645  12764410  12593184'
b'   12709208  12563541  12586970  12738897  12909068  12588471  12763201  12591758'
b'   12710096  12564543  12587941  12739864  12909988  12589302  12764069  12592479'
b'   12709737  12564186  12587598  12739717  12909523  12588965  12763693  12591671'
b'   12709560  12563962  12587325  12739657  12909226  12588613  12763420  12591400'
b'   12709921  12564464  12587803  12740012  12909613  12589095  12763879  12591721'
b'   12711258  12565576  12589034  12741154  12910759  12590132  12765076  12592896'
b'   12709931  12564284  12587807  12739919  12909629  12588867  12763796  12591659'
b'   12710965  12565307  12588790  12740894  12910427  12589733  12764659  12592521'
b'   12710974  12565212  12588713  12740862  12910481  12589710  12764569  12592514'
b'   12710561  12564863  12588323  12740481  12910055  12589233  12764297  12592148'
b'   12711611  12565860  12589366  12741369  12911206  12590247  12765188  12593236'
b'   12711402  12565627  12589191  12741082  12910969  12589928  12765000  12593044'
b'   12712412  12566632  12590070  12742015  12911870  12590842  12765881  12594052'
b'   12713215  12567357  12590880  12742780  12912672  12591555  12767361  12594986'
b'   12711778  12565823  12589419  12741408  12911428  12590176  12766084  12593641'
b'   12713263  12567270  12590722  12742639  12912838  12591447  12766972  12595023'
b'   12714130  12568023  12591751  12743351  12913923  12592468  12767707  12596412'
b'   12714797  12568781  12592455  12744087  12914689  12593167  12768418  12597229'
b'   12714869  12568770  12592424  12744109  12914685  12593015  12768265  12597206'
b'   12714882  12568862  12592517  12744246  12914813  12593187  12768320  12597123'
b'   12714298  12568245  12591965  12743795  12914405  12592636  12767704  12596431'
b'   12714885  12568888  12592453  12744342  12914796  12593145  12768264  12596801'
b'   12715151  12569333  12592836  12745002  12915182  12593579  12768588  12596943'
b'   12714609  12568700  12592119  12744411  12914417  12592899  12767987  12595943'
b'   12714360  12568444  12592005  12744385  12914221  12592651  12767682  12595429'
b'   12713555  12567639  12591256  12743726  12913312  12591743  12766880  12594312'
b'   12712832  12566847  12590355  12742903  12912532  12590843  12766024  12593572'
b'   12715600  12569684  12593148  12745713  12915118  12593638  12768816  12596376'
b'   12714423  12568571  12592094  12744515  12914060  12592435  12767547  12595287'
b'   12715307  12569351  12592933  12745321  12914772  12593337  12768346  12596002'
b'   12715781  12569878  12593376  12745589  12915267  12593692  12768776  12596584'
b'   12716233  12570332  12593918  12746207  12915819  12594218  12769318  12597080'
b'   12716255  12570157  12593743  12745944  12915656  12593933  12769083  12596960'
b'   12715525  12569279  12593008  12745229  12915048  12593225  12768351  12596328'
b'   12716261  12570090  12593752  12745979  12915846  12593957  12769101  12597178'
b'   12716386  12570185  12593902  12746103  12915960  12594052  12769155  12597329'
b'   12717424  12571413  12595071  12746991  12917095  12595104  12770239  12598692'
b'   12717779  12571511  12595192  12747102  12917386  12595281  12770439  12599053'
b'   12718550  12572383  12595961  12747790  12918294  12596155  12771183  12600064'
b'   12718801  12572531  12596151  12748034  12918629  12596307  12771374  12600497'
b'   12719193  12572801  12596493  12748332  12919007  12596729  12771707  12600737'
b'   12718766  12572532  12596136  12748145  12918631  12596370  12771361  12600316'
b'   12717501  12571203  12594887  12746988  12917539  12595147  12770236  12598842'
b'   12718726  12572567  12596184  12748291  12918724  12596451  12771382  12599883'
b'   12718570  12572502  12596164  12748512  12918581  12596401  12771425  12599545'
b'   12717979  12571775  12595413  12747933  12917835  12595772  12770711  12598607'
b'   12718272  12572284  12595956  12748567  12918217  12596092  12771169  12598849'
b'   12717968  12571876  12595611  12748228  12917621  12595723  12770850  12598398'
b'   12718620  12572413  12596076  12748702  12918146  12596103  12771267  12598816'
b'   12718709  12572660  12596259  12749019  12918374  12596368  12771500  12599098'
b'   12718937  12572652  12596238  12748875  12918332  12596256  12771410  12599067'
b'   12719304  12573170  12596797  12749327  12918859  12596742  12772003  12599493'
b'   12718188  12572057  12595603  12748289  12917863  12595618  12770887  12598383'
b'   12719208  12572946  12596628  12749208  12918786  12596623  12771807  12599424'
b'   12719087  12572864  12596569  12749009  12918649  12596415  12771581  12599362'
b'   12720231  12574119  12597747  12750207  12919822  12597627  12772605  12600572'
b'   12719969  12573646  12597178  12749680  12919466  12597235  12772274  12600115'
b'   12721223  12574850  12598564  12750860  12920705  12598436  12773567  12601539'
b'   12721476  12575223  12598850  12751053  12920999  12598666  12773856  12601887'
b'   12721638  12575269  12598903  12751084  12921231  12598713  12773899  12602287'
b'   12721748  12575208  12599025  12751015  12921501  12598749  12773890  12602572'
b'   12722453  12575909  12599631  12751606  12922240  12599437  12774610  12603452'
b'   12721015  12574467  12598265  12750450  12921029  12598212  12773200  12602182'
b'   12721760  12575204  12599095  12751134  12921733  12598962  12773930  12602840'
b'   12721640  12575062  12598772  12751160  12921595  12598838  12773795  12602490'
b'   12721203  12574706  12598460  12750884  12921348  12598411  12773519  12602123'
b'   12720762  12574255  12597981  12750574  12920799  12598018  12773022  12601395'
b'   12723163  12575808  12598960  12751691  12921516  12598940  12774338  12602944'
b'   12723654  12576189  12599290  12751986  12921638  12599116  12774741  12603325'
b'   12722747  12575427  12598381  12751299  12920810  12598348  12774020  12602567'
b'   12721599  12575050  12598421  12751249  12920704  12598205  12773606  12601209'
b'   12722203  12575592  12599171  12751972  12921350  12598871  12774154  12601894'
b'   12722645  12575948  12599395  12752171  12921602  12599090  12774437  12602247'
b'   12725683  12577182  12599794  12752739  12922103  12599471  12775535  12605105'
b'   12726655  12576918  12598846  12751843  12921429  12598610  12775216  12605983'
b'   12728190  12578073  12599873  12753028  12922533  12599694  12776523  12607340'
b'   12727625  12576811  12598301  12751516  12921273  12598196  12775184  12606683'
b'   12730480  12578305  12599526  12752549  12922285  12599161  12776513  12609289'
b'   12731085  12578135  12598817  12752002  12921876  12598566  12776573  12610170'
b'   12734889  12579441  12599255  12752435  12922448  12598915  12777844  12613897'
b'   12738043  12580312  12599090  12752643  12922641  12599065  12778774  12616912'
b'   12741290  12580417  12598072  12751833  12922124  12598087  12779204  12620323'
b'   12742802  12581044  12598059  12751757  12922331  12598315  12780609  12622359'
b'   12746384  12582064  12598116  12752040  12922858  12598468  12781319  12625530'
b'   12748012  12581960  12597509  12751450  12922468  12597623  12781109  12626941'
b'   12749565  12583072  12598230  12752288  12923245  12598607  12782364  12628543'
b'   12751183  12582081  12596414  12750841  12921733  12596778  12781211  12629743'
b'   12753497  12582896  12596399  12751186  12921912  12596831  12781717  12631327'
b'   12755990  12583479  12596322  12751205  12921947  12596684  12782173  12633173'
b'   12759679  12584584  12596312  12751681  12922195  12596820  12783333  12636432'
b'   12760076  12584200  12595434  12750980  12921246  12595912  12782792  12636298'
b'   12762184  12584350  12594712  12750642  12920758  12595187  12782968  12637936'
b'   12763111  12583858  12593456  12749696  12919655  12593866  12782315  12638314'
b'   12769008  12586180  12594534  12750844  12920813  12595013  12784778  12643798'
b'   12770196  12586518  12594381  12750615  12920551  12594785  12785186  12644921'
b'   12773472  12587041  12593902  12750343  12920428  12594186  12785665  12647769'
b'   12774755  12587551  12594029  12750518  12920467  12594465  12786261  12648821'
b'   12777950  12587973  12593333  12749900  12920082  12593623  12786691  12651390'
b'   12782345  12589281  12593092  12749980  12920273  12593612  12787851  12655421'
b'   12785701  12590208  12593025  12750103  12920381  12593485  12788947  12658491'
b'   12787938  12590724  12592652  12749813  12920205  12593114  12789424  12660338'
b'   12790657  12590190  12590881  12748285  12918972  12591472  12788946  12662755'
b'   12794112  12592077  12591939  12749425  12920134  12592536  12790914  12666253'
b'   12797969  12592833  12591409  12748989  12919969  12592010  12791784  12669877'
b'   12799324  12593182  12591208  12748706  12919948  12591845  12792174  12671357'
b'   12803965  12594693  12591498  12749041  12920625  12592129  12793845  12675865'
b'   12807124  12595740  12591586  12749211  12920841  12592317  12795065  12679023'
b'   12809624  12596099  12590538  12748347  12920198  12591584  12795663  12681595'
b'   12811081  12596103  12589765  12747777  12919668  12590905  12795837  12683138'
b'   12813338  12596800  12589770  12747903  12919680  12590792  12796447  12685047'
b'   12816227  12598190  12590667  12748906  12920492  12591779  12798083  12687655'
b'   12817814  12598254  12589894  12748443  12919900  12591055  12798231  12688972'
b'   12821226  12599084  12589308  12748257  12919570  12590730  12799111  12692039'
b'   12822791  12599527  12589238  12748315  12919150  12590442  12799601  12692872'
b'   12825879  12600389  12589000  12748301  12919131  12590194  12800354  12695374'
b'   12827433  12600162  12588126  12747509  12918221  12589209  12800260  12696616'
b'   12831165  12601836  12588929  12748183  12918854  12589875  12801890  12700307'
b'   12832122  12601194  12587846  12746936  12917637  12588573  12801455  12700481'
b'   12834837  12601611  12587117  12746419  12917135  12587890  12801876  12703369'
b'   12838059  12603333  12587918  12747165  12918086  12588839  12803765  12706508'
b'   12841032  12603884  12587478  12746833  12917788  12588400  12804695  12709986'
b'   12843646  12604276  12586893  12746286  12917325  12587823  12805230  12712163'
b'   12846293  12605797  12587933  12747259  12918480  12588759  12806863  12714557'
b'   12847289  12605203  12586542  12745927  12917170  12587392  12806147  12715365'
b'   12849529  12606038  12586787  12746039  12917429  12587577  12807107  12717707'
b'   12852246  12607654  12587673  12746911  12918405  12588713  12808766  12720707'
b'   12852741  12607040  12586699  12745848  12917491  12587665  12808454  12721299'
b'   12856160  12609421  12588615  12747546  12919492  12589543  12810926  12725087'
b'   12858529  12610160  12588710  12747562  12919594  12589651  12811759  12727242'
b'   12858056  12609399  12587805  12746604  12918743  12588786  12811014  12726817'
b'   12859961  12610028  12587734  12746702  12918939  12588782  12811791  12728694'
b'   12861256  12610858  12588240  12747200  12919296  12589335  12812586  12729893'
b'   12861468  12610231  12587194  12746321  12918433  12588279  12812104  12729668'
b'   12863813  12611804  12588246  12747334  12919267  12589314  12813713  12732009'
b'   12863927  12610962  12586917  12745981  12917746  12587822  12813043  12732238'
b'   12865390  12612254  12588014  12747107  12918548  12588917  12814281  12733286'
b'   12865058  12611550  12586979  12746213  12917309  12587790  12813441  12732591'
b'   12865758  12611925  12587192  12746324  12917379  12587937  12813851  12733368'
b'   12866916  12612522  12587472  12746534  12917446  12588222  12814529  12734679'
b'   12866290  12611757  12586598  12745518  12916497  12587153  12813732  12733466'
b'   12867652  12612925  12587736  12746552  12917390  12588369  12814934  12735048'
b'   12867603  12612424  12586975  12745693  12916652  12587544  12814431  12734837'
b'   12868310  12613090  12587529  12746127  12917241  12588181  12815156  12735542'
b'   12868312  12613132  12587621  12746133  12917200  12588319  12815202  12735664'
b'   12868931  12613873  12588188  12746631  12917769  12588850  12815938  12736329'
b'   12868631  12613073  12587287  12745690  12916831  12587975  12815164  12735875'
b'   12869544  12614319  12588900  12746930  12918217  12589378  12816316  12736626'
b'   12870129  12614899  12589354  12747172  12918659  12589783  12816791  12737425'
b'   12870057  12615250  12590007  12747708  12919283  12590463  12817119  12737156'
b'   12868177  12614480  12589636  12747211  12918860  12589976  12816105  12735508'
b'   12865631  12614442  12590953  12748015  12919997  12591318  12816199  12733867'
b'   12863738  12614753  12592179  12748969  12920870  12592646  12816566  12732615'
b'   12859638  12613365  12592021  12748648  12920619  12592602  12815130  12728946'
b'   12856504  12612395  12591866  12748471  12920360  12592481  12813810  12725970'
b'   12851873  12611007  12592296  12748579  12920333  12592773  12812530  12721899'
b'   12847518  12609641  12591972  12748305  12919749  12592559  12810924  12717600'
b'   12843466  12609508  12593576  12749605  12920631  12594066  12810557  12713632'
b'   12834522  12607144  12593919  12749585  12920313  12594293  12807750  12705453'
b'   12825074  12604585  12594321  12749602  12919877  12594652  12805177  12696836'
b'   12818176  12604044  12596210  12750912  12921006  12596520  12804326  12690919'
b'   12812567  12603715  12598084  12752188  12922297  12598381  12803966  12686132'
b'   12804857  12601425  12598138  12751698  12921701  12598271  12801553  12678935'
b'   12799324  12601671  12600689  12753507  12923461  12600591  12801621  12674054'
b'   12790048  12600555  12602525  12754476  12924266  12602254  12800427  12666045'
b'   12781719  12598930  12603264  12754615  12924397  12602873  12798656  12658438'
b'   12773629  12598212  12605282  12755847  12925438  12604548  12797783  12651384'
b'   12769510  12597350  12605794  12755856  12925680  12605153  12797359  12647939'
b'   12763335  12596987  12607527  12756746  12926587  12606700  12796755  12642470'
b'   12759570  12597483  12609910  12758716  12928614  12608999  12797170  12639278'
b'   12756747  12596333  12609591  12758354  12928398  12608791  12796129  12636761'
b'   12755403  12596052  12610066  12758560  12928776  12609094  12795758  12635509'
b'   12754463  12595655  12610177  12758714  12929123  12609367  12795467  12634704'
b'   12754737  12596616  12611524  12759962  12930534  12610629  12796287  12635268'
b'   12754114  12596565  12611803  12760159  12930941  12611021  12796096  12634699'
b'   12752508  12595260  12610763  12759414  12930172  12610099  12794723  12632859'
b'   12752477  12595622  12611523  12760186  12930933  12610732  12795134  12632883'
b'   12751193  12594648  12610750  12759550  12930233  12610048  12794159  12631270'
b'   12749896  12593831  12610485  12759207  12929583  12609397  12793121  12629656'
b'   12749385  12593518  12610096  12759361  12929591  12609268  12792660  12628827'
b'   12749440  12593872  12610574  12759977  12929832  12609750  12792916  12628658'
b'   12748628  12593164  12610051  12759720  12929315  12609148  12792257  12627367'
b'   12749090  12593816  12610867  12760554  12930068  12609946  12792779  12627772'
b'   12748771  12593691  12610814  12760526  12930030  12609891  12792569  12627267'
b'   12747210  12592316  12609641  12759397  12928998  12608661  12791230  12625642'
b'   12747626  12592881  12610382  12760038  12929572  12609205  12791677  12626026'
b'   12748178  12593460  12611041  12760897  12930357  12609917  12792240  12626483'
b'   12747912  12593104  12610986  12760780  12930252  12609940  12791945  12626037'
b'   12747358  12592695  12610760  12760562  12930163  12609623  12792132  12625618'
b'   12747695  12593133  12611239  12761122  12930844  12610205  12792446  12625980'
b'   12746909  12592277  12610625  12760494  12930255  12609433  12791446  12625136'
b'   12747323  12592924  12611234  12761147  12930997  12610184  12791810  12625602'
b'   12747469  12593018  12611477  12761409  12931267  12610367  12791907  12625818'
b'   12747309  12592841  12611298  12761161  12931382  12610267  12791523  12625714'
b'   12747075  12592575  12611252  12761066  12931486  12610101  12791364  12625894'
b'   12747853  12593276  12612039  12761813  12932302  12610859  12792053  12626630'
b'   12747065  12592575  12611339  12761245  12931907  12610297  12791289  12626000'
b'   12747235  12592860  12611733  12761614  12932285  12610608  12791576  12626176'
b'   12746528  12592224  12611167  12761257  12931993  12610133  12790832  12625387'
b'   12746847  12592659  12611624  12761841  12932496  12610709  12791264  12625636'
b'   12746501  12592416  12611431  12761849  12932166  12610478  12790899  12624872'
b'   12745119  12591136  12610190  12760820  12930882  12609206  12789676  12623213'
b'   12744397  12590531  12609681  12760585  12930253  12608617  12789077  12622073'
b'   12744339  12590479  12609886  12760775  12930207  12608623  12789130  12621912'
b'   12743830  12589872  12609187  12760277  12929715  12608075  12788472  12621217'
