b'   12032504  11916261  11936334  11954506  12175987  11984705  12142138  11941240'
b'   12073391  11953400  11971932  11992243  12214657  12019552  12181420  11978461'
b'   12151487  12022589  12037983  12062785  12286716  12085127  12258335  12047113'
b'   12182610  12049510  12063720  12090298  12314741  12111312  12289728  12073474'
b'   12200601  12064818  12078403  12105946  12330786  12126391  12307785  12088485'
b'   12212961  12075323  12088364  12116603  12341993  12136768  12319950  12098782'
b'   12221277  12082191  12094940  12123868  12349456  12143608  12328229  12105574'
b'   12228786  12088477  12100922  12130169  12356009  12149850  12335332  12111777'
b'   12233627  12092253  12104486  12134166  12360169  12153808  12340018  12115673'
b'   12239186  12097238  12109422  12139315  12365445  12158760  12345428  12120325'
b'   12241425  12098901  12110921  12141068  12367363  12160390  12347634  12121809'
b'   12246542  12103614  12115545  12145931  12372263  12165190  12352580  12126388'
b'   12248679  12105346  12117333  12147784  12374313  12166929  12354649  12127941'
b'   12252211  12108660  12120493  12151050  12377710  12170138  12358087  12131087'
b'   12253644  12109603  12121385  12152145  12378918  12171057  12359393  12132017'
b'   12256060  12111719  12123542  12154295  12381124  12173180  12361803  12134054'
b'   12257083  12112549  12124302  12154899  12381993  12173785  12362708  12134732'
b'   12260188  12115368  12126949  12157816  12384911  12176542  12365580  12137466'
b'   12262302  12117220  12128813  12159732  12386883  12178463  12367584  12139219'
b'   12263345  12118206  12129748  12160640  12388081  12179263  12368664  12140126'
b'   12266108  12120687  12132197  12163058  12390429  12181687  12371107  12142582'
b'   12267047  12121524  12132914  12163931  12391385  12182347  12371993  12143243'
b'   12268702  12122914  12134399  12165349  12392834  12183788  12373491  12144690'
b'   12270321  12124486  12135815  12166890  12394392  12185252  12375006  12146075'
b'   12271455  12125477  12136728  12167760  12395421  12186243  12376078  12146995'
b'   12272722  12126638  12137901  12168901  12396551  12187227  12377254  12148068'
b'   12274615  12128386  12139715  12170659  12398442  12188939  12379043  12149871'
b'   12275052  12128690  12140020  12170869  12398631  12189114  12379379  12150066'
b'   12276319  12129664  12140944  12171923  12399718  12190086  12380466  12151150'
b'   12277204  12130693  12141833  12172764  12400711  12190882  12381438  12151996'
b'   12279148  12132438  12143773  12174681  12402488  12192646  12383138  12153781'
b'   12278902  12132265  12143510  12174498  12402332  12192359  12382998  12153584'
b'   12279215  12132440  12143659  12174655  12402583  12192526  12383316  12153499'
b'   12279953  12133071  12144325  12175366  12403239  12192999  12384124  12154113'
b'   12281864  12135148  12146307  12177436  12405244  12194969  12386088  12155983'
b'   12282111  12135171  12146378  12177595  12405525  12195088  12386160  12155980'
b'   12282897  12135944  12147142  12178361  12406226  12195720  12386780  12156652'
b'   12283621  12136615  12147667  12179174  12406934  12196455  12387433  12157202'
b'   12283797  12136802  12147905  12179220  12407080  12196406  12387605  12157129'
b'   12285429  12138343  12149404  12180870  12408673  12197885  12389097  12158776'
b'   12286487  12139386  12150688  12181860  12409428  12198759  12390200  12159795'
b'   12286591  12139476  12150643  12181901  12409600  12198876  12390250  12159862'
b'   12286492  12139231  12150262  12181632  12409337  12198581  12390071  12159655'
b'   12287044  12139649  12150639  12182193  12409845  12198866  12390536  12160159'
b'   12288595  12141487  12152477  12183820  12411491  12200467  12392183  12161737'
b'   12288583  12141480  12152575  12183867  12411621  12200566  12392192  12161687'
b'   12288714  12141513  12152771  12184031  12411698  12200489  12392333  12161708'
b'   12287725  12140476  12151701  12182856  12410687  12199447  12391348  12160552'
b'   12289156  12142160  12153264  12184395  12412319  12200952  12392768  12161998'
b'   12289990  12142928  12154134  12185251  12413135  12201671  12393479  12162777'
b'   12290956  12144055  12155246  12186185  12414327  12202777  12394669  12163831'
b'   12291892  12144942  12156121  12187147  12415171  12203688  12395635  12164660'
b'   12293170  12146312  12157508  12188318  12416759  12205231  12397179  12165989'
b'   12292615  12145913  12156989  12187810  12416027  12204418  12396589  12165430'
b'   12293191  12146411  12157545  12188212  12416453  12204915  12397075  12165842'
b'   12294029  12146982  12158085  12189035  12417331  12205700  12397746  12166640'
b'   12293372  12146158  12157170  12188360  12416753  12204835  12397049  12165922'
b'   12295029  12147677  12158797  12189985  12418260  12206335  12398461  12167405'
b'   12295850  12148347  12159509  12190737  12419039  12207131  12399109  12168096'
b'   12295759  12148166  12159301  12190761  12418833  12206888  12398643  12167813'
b'   12295737  12147881  12158984  12190645  12418699  12206506  12398395  12167497'
b'   12295967  12148119  12159287  12190920  12419040  12206752  12398506  12167676'
b'   12296777  12148778  12159994  12191690  12419758  12207345  12399122  12168378'
b'   12296087  12148070  12159196  12190990  12419089  12206511  12398372  12167502'
b'   12296493  12148503  12159565  12191362  12419473  12206829  12398833  12167796'
b'   12296968  12149055  12160080  12191818  12420050  12207406  12399321  12168348'
b'   12297025  12149149  12160162  12191843  12420148  12207399  12399414  12168261'
b'   12297700  12149779  12160905  12192622  12420709  12207921  12400129  12168914'
b'   12298140  12150182  12161296  12192965  12421094  12208371  12400504  12169261'
b'   12297466  12149664  12160789  12192273  12420463  12207725  12399976  12168638'
b'   12297326  12149568  12160596  12192264  12420495  12207596  12399976  12168567'
b'   12297255  12149516  12160588  12192224  12420441  12207599  12399914  12168596'
b'   12298671  12151038  12162179  12193733  12421863  12209029  12401374  12169874'
b'   12299265  12151550  12162622  12194190  12422438  12209513  12401856  12170393'
b'   12298513  12150796  12162007  12193389  12421791  12208862  12401267  12169727'
b'   12298866  12151235  12162469  12193827  12422198  12209256  12401800  12170071'
b'   12299778  12152286  12163438  12194796  12423055  12210283  12402813  12171063'
b'   12300585  12153376  12164450  12195649  12424029  12211270  12403994  12172036'
b'   12301220  12153718  12164996  12196300  12424613  12211888  12404614  12172760'
b'   12301288  12153905  12164958  12196317  12424796  12211802  12404664  12172768'
b'   12300860  12153323  12164335  12195779  12424276  12211236  12404026  12172064'
b'   12301790  12154204  12165261  12196815  12425202  12212167  12404800  12173075'
b'   12301544  12153904  12165147  12196687  12424961  12211940  12404488  12172665'
b'   12302593  12154829  12166015  12197659  12425893  12212792  12405312  12173548'
b'   12302092  12154104  12165236  12197065  12425288  12211902  12404503  12172862'
b'   12302291  12154067  12165230  12197134  12425314  12211800  12404210  12172521'
b'   12303011  12154738  12165784  12197904  12425920  12212220  12404612  12173070'
b'   12303177  12154784  12165919  12198045  12426059  12212400  12404779  12173154'
b'   12302642  12154263  12165401  12197594  12425621  12211888  12404352  12172572'
b'   12302385  12153981  12165117  12197426  12425348  12211683  12404098  12172198'
b'   12303415  12155123  12166337  12198404  12426408  12212619  12405118  12173275'
b'   12301827  12153552  12164698  12196952  12424904  12211054  12403633  12171717'
b'   12303885  12155628  12166931  12198954  12426916  12213126  12405755  12173743'
b'   12302519  12154157  12165381  12197511  12425489  12211723  12404398  12172253'
b'   12303613  12155371  12166628  12198638  12426709  12212866  12405581  12173594'
b'   12303640  12155347  12166724  12198654  12426799  12212949  12405635  12173609'
b'   12304299  12156260  12167492  12199354  12427609  12213800  12406476  12174380'
b'   12304339  12156302  12167444  12199329  12427552  12213783  12406619  12174437'
b'   12304467  12156412  12167749  12199605  12427883  12214018  12406739  12174553'
b'   12304310  12156296  12167592  12199478  12427792  12213796  12406850  12174386'
b'   12305165  12157369  12168541  12200476  12428676  12214875  12407817  12175396'
b'   12304830  12157176  12168414  12200198  12428536  12214758  12407770  12175266'
b'   12305789  12158282  12169423  12201041  12429541  12215804  12408805  12176343'
b'   12304585  12156837  12168194  12199820  12428444  12214558  12407710  12175171'
b'   12305265  12157542  12168879  12200604  12429060  12215124  12408305  12175789'
b'   12305746  12157929  12169188  12201015  12429551  12215507  12408664  12176148'
b'   12305719  12157768  12169112  12201066  12429511  12215538  12408497  12176150'
b'   12306320  12158197  12169578  12201594  12429988  12216019  12408789  12176524'
b'   12305910  12157537  12168908  12201066  12429397  12215240  12408129  12175882'
b'   12306477  12158033  12169359  12201623  12429952  12215597  12408415  12176399'
b'   12306635  12157970  12169237  12201816  12429853  12215431  12408140  12176248'
b'   12306971  12158090  12169394  12202061  12430107  12215575  12408237  12176403'
b'   12307576  12158945  12170027  12202753  12430655  12216243  12408822  12177027'
b'   12306814  12158094  12169306  12202062  12429958  12215522  12408082  12176183'
b'   12306314  12157750  12168878  12201495  12429594  12215026  12407735  12175695'
b'   12305909  12157320  12168586  12201138  12429136  12214608  12407418  12175258'
b'   12306901  12158222  12169592  12202036  12430107  12215530  12408309  12176204'
b'   12306379  12157871  12169335  12201772  12429784  12215266  12408098  12175896'
b'   12307395  12158865  12170286  12202751  12430706  12216208  12409042  12176917'
b'   12306618  12158082  12169495  12201928  12430005  12215406  12408248  12176002'
b'   12306283  12157797  12169234  12201577  12429798  12215118  12408104  12175701'
b'   12306596  12158161  12169605  12201979  12430083  12215532  12408461  12176062'
b'   12307563  12159342  12170593  12202930  12431063  12216539  12409485  12177095'
b'   12308169  12159833  12171222  12203472  12431685  12217115  12410126  12177605'
b'   12309085  12160917  12172344  12204430  12432525  12218162  12411157  12178572'
b'   12306809  12158832  12170351  12202257  12430647  12216177  12409390  12176545'
b'   12309302  12161543  12173010  12204776  12433133  12218739  12412034  12179172'
b'   12309037  12161281  12172827  12204547  12433099  12218610  12411879  12178844'
b'   12309225  12161280  12172761  12204629  12433176  12218650  12411841  12179052'
b'   12310012  12161984  12173561  12205405  12433907  12219448  12412603  12179840'
b'   12308646  12160522  12172040  12204078  12432523  12217988  12411079  12178438'
b'   12309845  12161602  12173102  12205218  12433781  12219132  12412175  12179637'
b'   12310169  12161747  12173204  12205592  12433858  12219216  12412124  12179705'
b'   12310033  12161361  12172794  12205331  12433697  12218783  12411749  12179406'
b'   12308649  12159795  12171150  12203845  12432165  12217168  12410109  12177840'
b'   12309284  12160159  12171529  12204454  12432681  12217552  12410462  12178414'
b'   12309516  12160383  12171784  12204692  12432759  12217634  12410387  12178416'
b'   12309045  12159862  12171260  12204192  12432309  12217036  12409955  12177741'
b'   12308249  12159144  12170509  12203403  12431457  12216250  12409186  12176861'
b'   12310260  12161332  12172734  12205526  12433479  12218447  12411281  12179076'
b'   12310126  12161202  12172677  12205505  12433438  12218409  12411292  12179003'
b'   12309804  12160972  12172377  12205151  12433101  12217984  12410998  12178584'
b'   12310373  12161585  12173054  12205731  12433795  12218665  12411619  12179237'
b'   12311296  12162631  12174022  12206701  12434704  12219628  12412617  12180180'
b'   12310854  12162163  12173753  12206374  12434413  12219262  12412256  12179741'
b'   12310038  12161471  12172994  12205613  12433710  12218567  12411660  12179116'
b'   12310790  12162188  12173734  12206268  12434407  12219283  12412253  12179688'
b'   12311122  12162313  12173817  12206234  12434408  12219405  12412432  12179792'
b'   12312338  12163890  12175420  12207855  12435985  12220906  12414015  12181248'
b'   12311024  12162636  12174063  12206374  12434591  12219569  12412724  12179885'
b'   12311860  12163542  12175144  12207249  12435584  12220634  12413791  12180815'
b'   12312820  12164204  12175340  12207363  12435788  12220778  12413925  12181053'
b'   12312899  12164077  12174832  12206773  12435379  12220288  12413468  12180614'
b'   12314199  12165049  12175287  12207256  12435829  12220663  12413712  12181108'
b'   12314417  12165099  12175239  12207486  12436026  12220775  12413690  12181427'
b'   12314593  12164753  12174638  12206881  12435552  12220104  12413040  12180861'
b'   12315006  12164756  12174235  12206502  12435108  12219485  12412458  12180351'
b'   12317162  12166320  12175134  12207626  12436340  12220535  12413256  12181513'
b'   12318340  12166640  12174746  12207537  12436149  12220129  12412655  12181374'
b'   12317627  12165507  12173212  12206314  12434858  12218598  12411097  12180064'
b'   12319905  12166889  12173614  12206989  12435258  12218962  12411362  12180518'
b'   12322427  12168078  12173543  12207058  12435370  12218783  12411050  12180713'
b'   12322671  12167778  12172668  12206207  12434581  12217710  12410033  12179738'
b'   12323965  12168907  12173180  12206619  12435020  12218086  12410276  12180215'
b'   12326036  12170202  12173237  12206656  12435203  12217992  12410280  12180444'
b'   12327115  12171001  12173710  12207147  12435420  12218224  12410578  12180899'
b'   12329589  12172890  12174852  12208113  12436567  12219173  12411522  12182001'
b'   12329401  12172250  12173531  12206833  12435309  12217820  12410086  12180865'
b'   12330398  12173171  12174136  12207438  12435742  12218248  12410613  12181404'
b'   12329616  12171723  12172277  12205486  12433919  12216278  12408792  12179655'
b'   12331552  12173363  12173146  12206336  12434883  12217122  12409646  12180727'
b'   12332373  12173555  12172832  12205937  12434543  12216693  12409225  12180490'
b'   12333804  12174668  12173446  12206530  12435045  12217227  12409749  12181127'
b'   12334876  12175464  12173527  12206573  12435262  12217206  12409821  12181310'
b'   12335192  12175479  12173045  12206129  12434813  12216638  12409254  12180913'
b'   12338201  12178140  12175065  12207883  12436600  12218491  12411047  12182953'
b'   12338396  12178059  12174195  12206778  12435711  12217517  12410338  12182223'
b'   12340622  12178986  12174067  12206672  12435625  12217187  12410100  12182329'
b'   12342579  12180138  12174040  12206743  12435645  12217065  12409952  12182636'
b'   12343488  12180895  12174697  12207299  12436276  12217658  12410597  12183428'
b'   12344099  12180702  12173718  12206623  12435496  12216508  12409553  12182772'
b'   12345222  12181720  12174525  12207534  12436342  12217333  12410322  12183797'
b'   12347236  12182596  12174456  12207517  12436171  12216947  12410025  12183899'
b'   12348066  12183021  12174587  12207994  12436397  12216923  12410035  12184330'
b'   12349620  12183755  12174558  12208045  12436453  12216917  12409899  12184461'
b'   12350052  12183900  12174393  12207928  12436167  12216587  12409478  12184343'
b'   12349221  12182757  12172635  12206283  12434477  12214633  12407878  12182691'
b'   12350031  12183641  12172693  12205999  12434054  12214272  12407695  12182591'
b'   12351223  12184802  12174337  12207562  12435627  12215987  12409315  12184268'
b'   12352048  12185423  12174570  12207640  12435711  12216053  12409548  12184509'
b'   12352768  12186014  12174413  12207394  12435449  12215698  12409263  12184449'
b'   12353409  12186518  12175159  12208169  12436100  12216425  12410049  12185252'
b'   12354375  12187187  12175269  12208132  12436155  12216453  12410139  12185379'
b'   12353727  12186647  12174971  12207549  12435662  12216036  12409790  12185064'
b'   12353860  12187334  12175787  12208488  12436529  12216932  12410824  12185973'
b'   12353577  12186726  12174861  12207511  12435574  12215822  12409786  12185142'
b'   12353813  12187505  12175956  12208421  12436506  12216984  12410842  12186132'
b'   12355041  12187976  12175791  12208157  12436237  12216420  12410551  12185978'
b'   12356205  12189058  12176601  12208800  12436900  12217216  12411362  12186755'
b'   12355955  12189015  12176659  12208584  12436838  12217164  12411393  12186733'
b'   12356545  12189665  12177243  12209122  12437315  12217740  12412132  12187485'
b'   12356171  12189204  12176762  12208347  12436607  12217123  12411616  12186897'
b'   12358320  12190793  12177627  12209056  12437338  12217847  12412400  12187951'
b'   12358773  12191007  12177521  12209080  12437227  12217578  12412228  12187992'
b'   12358729  12190935  12177484  12209193  12437339  12217658  12412253  12188096'
b'   12360135  12191703  12177762  12209577  12437548  12217746  12412324  12188473'
b'   12359230  12190712  12176822  12208829  12436904  12216816  12411342  12187586'
b'   12358911  12190346  12176380  12208590  12436597  12216467  12410936  12187267'
b'   12359061  12190239  12176255  12208688  12436452  12216351  12410794  12187354'
b'   12359271  12189903  12175648  12208352  12436021  12215764  12410113  12186966'
b'   12360424  12190670  12175861  12208698  12436220  12215772  12410177  12187193'
b'   12360899  12190958  12175787  12208549  12436066  12215449  12409816  12187115'
b'   12361935  12191907  12176719  12209344  12436675  12216212  12410653  12187880'
b'   12363381  12192771  12176868  12209346  12436801  12216217  12410883  12188114'
b'   12362653  12192467  12176771  12209149  12436583  12216011  12410829  12187983'
b'   12363172  12192973  12177451  12209799  12437168  12216703  12411314  12188536'
b'   12363800  12193705  12178153  12210381  12437728  12217403  12412054  12189342'
b'   12364222  12194030  12178146  12210256  12437799  12217291  12412111  12189314'
b'   12364012  12193294  12177091  12209329  12436687  12216189  12411011  12188380'
b'   12364822  12194231  12178188  12210200  12437425  12216992  12411886  12189179'
b'   12364809  12194095  12177708  12209606  12437051  12216508  12411498  12188775'
b'   12365373  12194568  12178305  12210094  12437406  12216955  12411950  12189435'
b'   12366292  12195488  12178952  12210658  12438121  12217646  12412703  12190137'
b'   12365576  12194631  12178251  12209822  12437290  12216884  12412074  12189382'
b'   12365401  12194881  12178669  12210105  12437653  12217323  12412654  12189858'
b'   12365193  12195196  12179421  12210688  12438300  12218110  12413445  12190551'
b'   12363554  12194013  12178465  12209523  12437335  12217227  12412692  12189546'
b'   12361220  12192709  12178788  12209896  12437802  12217981  12413376  12189839'
b'   12361213  12193126  12179672  12210917  12438828  12219156  12414490  12190866'
b'   12358620  12191013  12178163  12209487  12437547  12217794  12413171  12189479'
b'   12357263  12190345  12178138  12209849  12437697  12218079  12413455  12189547'
b'   12353520  12188019  12177961  12210000  12437726  12218414  12413765  12189548'
b'   12348988  12185838  12178286  12210418  12438202  12219214  12414541  12189680'
b'   12344157  12183523  12178893  12211213  12438939  12220447  12415583  12190285'
b'   12338542  12180514  12178733  12211240  12438773  12220739  12415937  12189939'
b'   12325687  12173256  12177095  12209646  12437191  12219877  12415321  12187932'
b'   12317643  12169240  12179069  12211551  12438901  12222470  12418046  12189229'
b'   12316885  12168667  12179289  12211850  12439175  12222966  12418649  12189385'
b'   12316475  12168438  12179476  12212074  12439316  12223269  12418766  12189188'
b'   12315158  12166990  12178399  12210869  12438232  12222254  12417794  12187869'
b'   12316570  12168304  12179843  12212492  12439620  12223779  12419142  12189220'
b'   12316672  12168421  12179962  12212559  12439749  12223957  12419284  12189081'
b'   12316150  12167821  12179622  12211935  12439328  12223477  12418833  12188387'
b'   12315388  12166959  12178674  12211187  12438534  12222632  12418057  12187398'
b'   12315870  12167353  12179214  12211577  12438958  12223056  12418356  12187786'
b'   12316567  12167965  12179688  12212200  12439512  12223837  12418953  12188224'
b'   12316040  12167511  12179306  12211629  12439218  12223386  12418556  12187631'
b'   12317232  12168594  12180493  12212837  12440252  12224564  12419683  12188719'
b'   12317357  12168933  12180703  12212899  12440440  12224627  12419813  12188687'
b'   12317871  12169615  12181502  12213532  12441089  12225495  12420645  12189247'
b'   12318050  12169574  12181513  12213475  12441196  12225625  12420718  12189251'
b'   12317674  12169246  12181135  12213035  12440875  12225263  12420310  12188825'
b'   12317893  12169264  12181129  12213127  12440984  12225349  12420287  12188777'
b'   12317951  12169078  12180934  12213061  12440834  12225087  12420004  12188567'
b'   12318152  12169035  12180822  12213073  12440674  12224966  12419775  12188382'
b'   12318086  12168722  12180400  12212987  12440529  12224609  12419430  12188084'
b'   12318890  12169427  12181069  12213555  12441139  12225168  12419972  12188767'
b'   12318110  12168192  12179833  12212830  12440095  12223923  12418592  12187652'
b'   12319693  12169468  12180914  12214111  12441407  12225091  12419563  12188804'
b'   12319240  12169016  12180457  12213800  12440894  12224558  12418878  12188186'
b'   12319066  12168766  12180170  12213375  12440455  12224199  12418470  12187713'
b'   12319175  12168871  12180343  12213642  12440575  12224357  12418612  12187634'
b'   12319933  12169578  12181062  12214281  12441363  12225029  12419351  12188374'
b'   12319788  12169563  12181027  12214313  12441275  12224939  12419254  12188249'
b'   12319142  12168868  12180383  12213623  12440560  12224275  12418521  12187349'
b'   12319300  12169211  12180550  12213771  12440843  12224665  12418720  12187527'
b'   12319002  12168813  12180264  12213524  12440588  12224235  12418499  12187135'
b'   12319436  12169354  12180770  12213907  12441081  12224760  12418876  12187446'
b'   12320632  12170493  12182027  12215028  12442097  12225954  12420066  12188570'
b'   12319249  12169105  12180533  12213788  12440850  12224583  12418802  12187154'
b'   12319922  12169753  12181218  12214218  12441278  12225097  12419297  12187672'
b'   12319788  12169640  12181121  12214080  12441371  12225109  12419368  12187578'
b'   12320333  12170208  12181598  12214607  12441709  12225593  12419767  12187935'
b'   12320836  12170768  12182175  12215002  12442280  12226110  12420309  12188481'
b'   12319314  12169271  12180690  12213416  12440716  12224475  12418770  12186944'
b'   12320965  12171064  12182490  12215166  12442461  12226273  12420471  12188572'
b'   12320655  12170506  12181996  12214691  12441957  12225792  12419959  12188058'
b'   12321092  12170615  12182106  12215222  12442367  12226001  12420181  12188428'
b'   12320275  12169794  12181216  12214305  12441507  12225185  12419168  12187441'
b'   12320643  12170069  12181385  12214653  12441772  12225298  12419390  12187559'
b'   12321088  12170577  12181890  12214996  12442114  12225754  12419691  12187987'
b'   12319266  12168637  12180005  12213265  12440338  12223934  12417889  12185988'
b'   12321006  12170380  12181726  12214941  12441914  12225539  12419390  12187646'
b'   12321798  12171208  12182470  12215706  12442765  12226359  12420207  12188425'
b'   12320341  12169556  12180700  12214084  12441135  12224728  12418555  12186765'
b'   12320977  12170249  12181431  12214768  12441796  12225373  12419187  12187445'
b'   12322022  12171280  12182503  12215810  12442881  12226433  12420281  12188455'
b'   12321712  12171040  12182226  12215586  12442460  12226104  12419954  12188089'
b'   12321590  12170919  12182029  12215441  12442449  12225829  12419733  12187913'
b'   12321354  12170530  12181747  12215114  12442043  12225669  12419427  12187557'
b'   12321687  12170730  12181972  12215294  12442360  12225877  12419697  12187807'
b'   12321360  12170545  12181712  12215096  12442072  12225523  12419355  12187500'
b'   12321187  12170218  12181397  12214711  12441724  12225188  12419005  12187112'
b'   12321424  12170519  12181697  12215018  12442042  12225441  12419249  12187377'
b'   12322128  12171088  12182276  12215616  12442653  12226168  12419746  12187998'
b'   12321281  12170281  12181441  12214854  12441816  12225259  12418989  12187084'
b'   12321421  12170583  12181790  12215071  12442135  12225515  12419310  12187303'
b'   12320731  12169749  12180870  12214317  12441337  12224727  12418442  12186508'
b'   12321523  12170530  12181770  12215089  12442159  12225529  12419181  12187272'
b'   12321693  12170726  12181887  12215280  12442276  12225677  12419273  12187392'
