b'   12039819  11921436  11941190  11957488  12180559  11991203  12148506  11947742'
b'   12078888  11955793  11973611  11993107  12214957  12022235  12184544  11982618'
b'   12159392  12027272  12042052  12065974  12289072  12090019  12263537  12053246'
b'   12190738  12054445  12067988  12093831  12317353  12116484  12295196  12079803'
b'   12209428  12070455  12083355  12110330  12334291  12132179  12313914  12095571'
b'   12219557  12078689  12091187  12118884  12343410  12140537  12324137  12103518'
b'   12230220  12088232  12100429  12128405  12353586  12150190  12334941  12112824'
b'   12237264  12094100  12106390  12134515  12360314  12156365  12341987  12118638'
b'   12242747  12098999  12111117  12139312  12365665  12161219  12347516  12123292'
b'   12248190  12103587  12115634  12144084  12371344  12166290  12352836  12127815'
b'   12252301  12107010  12118781  12147659  12375240  12169699  12356714  12131153'
b'   12256186  12110197  12121907  12150930  12378956  12172995  12360202  12134379'
b'   12260002  12113261  12124759  12154108  12382225  12175943  12363419  12137352'
b'   12261987  12114260  12125409  12155057  12383276  12176769  12364395  12138267'
b'   12265151  12116930  12127827  12157866  12386070  12179281  12367106  12140826'
b'   12267242  12118531  12129393  12159606  12387581  12180608  12368761  12142450'
b'   12269050  12119810  12130570  12161193  12388542  12181644  12370195  12143792'
b'   12270492  12121252  12132042  12162727  12389852  12183023  12371733  12145199'
b'   12273165  12123560  12134211  12164971  12391797  12185038  12374079  12147237'
b'   12274580  12124751  12135353  12166108  12392811  12185999  12375214  12148238'
b'   12275881  12126385  12137129  12167819  12394280  12187493  12377031  12149787'
b'   12278041  12128464  12139262  12169927  12396181  12189520  12379231  12151791'
b'   12279535  12129839  12140612  12171273  12397489  12190754  12380648  12152981'
b'   12281308  12131452  12142353  12172878  12399002  12192388  12382253  12154491'
b'   12282019  12132089  12142876  12173473  12399686  12192919  12383067  12155036'
b'   12283461  12133401  12144246  12174816  12401118  12194169  12384447  12156165'
b'   12284607  12134693  12145467  12175896  12402331  12195273  12385691  12157245'
b'   12285894  12135910  12146854  12177159  12403820  12196634  12387078  12158456'
b'   12287286  12137300  12148215  12178565  12405232  12197865  12388474  12159768'
b'   12287952  12137980  12148908  12179174  12406107  12198547  12389221  12160201'
b'   12288823  12139010  12150029  12180046  12407614  12199718  12390363  12161051'
b'   12288588  12138829  12150038  12179900  12407936  12199818  12390407  12160762'
b'   12290477  12140627  12151812  12181612  12410014  12201677  12392312  12162493'
b'   12291222  12141168  12152334  12182250  12410982  12202284  12392876  12162931'
b'   12292571  12142013  12153025  12183307  12412449  12203282  12393731  12163985'
b'   12293299  12142599  12153435  12183776  12413007  12203591  12394133  12164452'
b'   12293981  12143030  12153872  12184402  12413700  12204171  12394615  12165009'
b'   12294210  12142846  12153547  12184239  12413574  12203765  12394335  12164684'
b'   12296172  12144352  12154814  12185938  12414771  12205121  12395707  12166319'
b'   12295875  12143827  12154286  12185544  12414113  12204445  12395198  12165885'
b'   12297366  12145143  12155381  12187050  12415107  12205515  12396416  12167246'
b'   12298688  12146412  12156570  12188179  12415687  12206294  12397324  12168231'
b'   12298823  12146636  12156906  12188348  12415690  12206329  12397600  12168230'
b'   12299600  12147386  12157575  12188983  12416050  12206888  12398138  12168909'
b'   12299978  12147585  12157795  12189168  12416196  12206956  12398318  12168984'
b'   12299479  12147169  12157347  12188620  12415568  12206274  12397879  12168391'
b'   12300221  12147689  12158014  12189229  12416080  12206774  12398424  12168884'
b'   12301891  12149360  12159654  12190892  12417707  12208387  12400052  12170529'
b'   12302763  12150417  12160734  12191749  12418618  12209306  12401028  12171435'
b'   12302941  12150442  12160721  12191755  12418620  12209217  12400990  12171180'
b'   12303391  12151389  12161846  12192773  12419725  12210349  12402224  12172199'
b'   12303686  12151530  12161885  12192919  12419868  12210380  12402214  12172145'
b'   12303740  12151766  12162138  12192987  12420372  12210635  12402547  12172220'
b'   12304540  12152509  12162770  12193495  12421128  12211347  12403097  12172734'
b'   12305270  12153549  12164132  12194727  12422523  12212588  12404450  12173877'
b'   12305999  12154367  12164982  12195251  12423669  12213451  12405242  12174432'
b'   12305796  12154314  12165098  12195446  12424464  12213765  12405553  12174577'
b'   12307383  12155753  12166405  12196820  12426030  12215258  12406779  12175929'
b'   12305834  12154050  12164765  12195269  12424728  12213736  12405205  12174280'
b'   12307815  12155826  12166270  12197050  12426541  12215340  12406721  12175889'
b'   12307292  12155050  12165454  12196468  12426103  12214599  12406052  12175326'
b'   12308759  12156234  12166732  12197926  12427321  12215866  12407243  12176782'
b'   12309584  12156842  12167119  12198582  12427742  12216193  12407655  12177271'
b'   12309383  12156376  12166488  12198286  12426762  12215317  12406870  12176868'
b'   12309652  12156682  12166832  12198661  12426841  12215468  12407172  12177167'
b'   12310066  12157181  12167298  12199202  12426962  12215773  12407667  12177597'
b'   12309724  12156703  12166617  12198589  12426219  12215126  12407153  12176815'
b'   12310240  12157289  12167307  12199139  12426288  12215443  12407623  12177288'
b'   12310395  12157700  12167875  12199570  12426622  12215803  12408008  12177623'
b'   12310706  12157822  12167833  12199676  12426672  12215891  12408089  12177732'
b'   12310996  12158506  12168915  12200413  12427237  12216539  12408962  12178352'
b'   12310737  12158324  12168502  12200044  12426993  12216208  12408727  12178090'
b'   12311812  12159543  12169788  12201358  12428137  12217485  12410003  12179232'
b'   12310527  12158045  12168434  12199936  12426746  12215982  12408574  12177680'
b'   12310486  12158334  12168814  12200169  12427224  12216336  12408984  12177883'
b'   12313020  12160832  12171326  12202677  12429720  12218957  12411502  12180445'
b'   12312446  12160484  12171084  12202400  12429554  12218625  12411163  12180065'
b'   12312708  12160960  12171775  12202803  12430406  12219335  12411880  12180279'
b'   12313239  12161521  12172466  12203402  12431331  12220045  12412472  12180872'
b'   12313629  12162250  12173255  12203933  12432300  12220832  12413202  12181365'
b'   12313363  12162024  12173164  12203768  12432480  12220735  12413099  12181141'
b'   12312679  12161374  12172406  12203253  12432597  12220469  12412686  12180592'
b'   12313393  12161820  12172748  12203792  12433251  12220950  12413007  12181116'
b'   12312521  12160852  12172005  12203308  12432885  12220328  12412360  12180480'
b'   12314448  12162589  12173630  12204873  12434579  12222044  12413963  12182208'
b'   12312835  12160697  12171621  12203210  12432737  12219919  12412004  12180307'
b'   12313733  12161269  12172148  12204116  12433147  12220580  12412637  12181119'
b'   12314400  12161744  12172508  12204674  12433502  12220744  12412889  12181622'
b'   12314505  12161788  12172391  12204719  12432813  12220520  12412666  12181619'
b'   12314573  12161874  12172613  12204837  12432725  12220388  12412873  12181721'
b'   12316127  12163578  12174352  12206476  12433953  12221933  12414375  12183192'
b'   12315989  12163625  12174262  12206478  12433669  12221839  12414417  12183135'
b'   12314692  12162330  12173088  12205248  12432247  12220418  12413166  12181796'
b'   12315276  12163016  12173760  12205821  12432757  12220957  12413767  12182355'
b'   12315732  12163283  12174234  12206268  12433077  12221337  12414220  12182693'
b'   12316630  12164325  12175190  12207281  12433868  12222282  12415082  12183545'
b'   12316146  12164025  12174826  12206698  12433583  12221745  12414695  12183114'
b'   12316781  12164699  12175635  12207493  12434367  12222598  12415457  12183776'
b'   12316605  12164470  12175444  12207280  12434063  12222261  12415139  12183490'
b'   12316122  12164035  12175229  12206839  12434024  12222082  12414978  12183081'
b'   12317108  12165147  12176142  12207796  12435016  12223091  12415958  12183892'
b'   12317902  12166106  12177226  12208900  12436194  12224169  12416983  12184887'
b'   12317918  12166108  12177290  12208700  12436400  12224194  12416979  12184777'
b'   12318190  12166668  12178075  12209250  12437539  12225146  12417769  12185321'
b'   12318965  12167591  12178964  12210155  12438868  12226085  12418644  12186088'
b'   12317100  12165444  12176745  12208009  12437009  12224103  12416617  12183918'
b'   12318704  12166812  12178141  12209473  12438788  12225602  12417892  12185354'
b'   12319336  12167164  12178224  12209756  12439393  12225959  12418063  12185765'
b'   12318430  12166027  12176897  12208701  12438408  12224691  12416776  12184591'
b'   12319048  12166391  12177141  12209200  12438847  12224970  12417065  12185034'
b'   12320319  12167210  12177900  12210246  12439403  12225747  12417672  12186099'
b'   12320564  12167351  12177674  12210214  12439217  12225551  12417548  12186022'
b'   12320768  12167282  12177561  12210426  12438961  12225273  12417395  12186078'
b'   12319054  12165450  12175767  12208766  12437061  12223459  12415754  12184376'
b'   12318349  12164958  12175573  12208341  12435954  12222892  12415370  12183838'
b'   12318898  12165873  12176477  12209252  12436490  12223559  12416234  12184586'
b'   12318983  12166063  12176817  12209545  12436729  12223898  12416628  12184941'
b'   12319086  12166487  12177442  12210123  12436972  12224358  12417123  12185379'
b'   12319481  12166878  12178061  12210590  12437333  12224660  12417678  12185793'
b'   12319452  12166976  12178076  12210550  12437244  12224746  12417683  12185745'
b'   12319628  12167141  12178243  12210701  12437516  12224917  12417984  12186017'
b'   12319090  12166704  12177901  12210259  12437032  12224366  12417555  12185357'
b'   12318988  12166580  12177707  12210192  12436931  12224346  12417477  12185123'
b'   12319241  12166896  12178252  12210455  12437474  12224819  12417929  12185522'
b'   12321166  12168953  12180236  12212393  12439402  12226859  12419803  12187507'
b'   12320591  12168582  12180000  12211918  12439468  12226574  12419491  12187088'
b'   12320036  12168157  12179636  12211486  12439282  12226317  12419229  12186539'
b'   12321247  12169693  12181118  12212872  12441010  12227815  12420580  12187794'
b'   12320293  12168664  12180187  12211916  12440426  12226997  12419784  12186726'
b'   12322083  12170268  12181796  12213599  12442740  12228902  12421390  12188518'
b'   12322108  12170149  12181721  12213580  12442975  12229023  12421269  12188461'
b'   12322130  12169540  12180864  12212793  12442519  12228245  12420463  12187723'
b'   12322943  12170020  12181280  12213558  12443243  12228788  12420898  12188469'
b'   12323920  12170553  12181503  12213887  12443561  12228990  12421012  12188870'
b'   12323689  12169749  12180398  12213084  12442527  12227923  12419919  12188038'
b'   12323842  12169355  12179784  12212970  12442033  12227415  12419494  12187915'
b'   12324157  12168876  12178965  12212387  12440746  12226237  12418451  12187122'
b'   12325829  12170087  12179929  12213409  12441439  12227162  12419284  12188293'
b'   12326333  12170279  12179796  12213391  12441241  12226894  12419148  12188190'
b'   12326960  12170568  12180066  12213488  12441164  12226927  12419193  12188378'
b'   12328537  12171420  12180628  12213952  12441250  12227397  12419667  12189021'
b'   12329689  12171857  12180803  12214114  12441266  12227372  12419732  12189226'
b'   12329706  12171227  12179791  12213036  12440417  12226183  12418612  12188339'
b'   12331210  12172333  12180451  12213746  12440826  12226664  12419120  12189030'
b'   12331577  12172076  12179957  12213218  12440384  12226262  12418640  12188642'
b'   12332767  12172426  12180015  12213362  12440502  12226342  12418754  12188861'
b'   12333715  12172699  12180011  12213343  12440605  12226191  12418598  12188918'
b'   12334200  12172793  12179692  12213109  12440583  12225918  12418364  12188801'
b'   12335958  12173855  12180433  12213731  12441314  12226624  12418873  12189545'
b'   12337251  12174641  12181212  12214531  12442260  12227460  12419659  12190386'
b'   12338469  12175131  12181212  12214451  12442585  12227515  12419653  12190510'
b'   12337438  12174479  12180761  12213713  12442469  12227267  12419623  12189872'
b'   12338972  12175804  12181872  12214823  12444016  12228478  12420594  12191145'
b'   12340871  12177236  12183192  12216090  12445532  12229773  12421637  12192376'
b'   12340515  12176666  12182465  12215433  12445237  12229086  12420806  12191725'
b'   12340375  12175883  12181492  12214716  12444769  12228250  12419889  12191005'
b'   12341031  12176326  12181632  12215015  12445117  12228525  12420299  12191442'
b'   12341564  12176031  12181005  12214720  12444832  12227927  12419689  12191197'
b'   12341542  12175135  12179858  12213952  12443777  12226896  12418557  12190462'
b'   12343227  12175979  12180166  12214619  12444042  12227156  12418885  12191223'
b'   12344406  12176394  12180172  12214848  12443785  12226937  12418585  12191523'
b'   12344753  12176467  12179932  12214671  12443273  12226392  12418307  12191337'
b'   12344933  12177021  12180807  12215340  12443141  12226828  12419030  12192050'
b'   12343771  12176462  12180482  12214938  12442389  12226394  12418684  12191560'
b'   12343574  12176732  12180828  12215154  12442518  12226630  12419079  12191686'
b'   12343918  12177375  12181683  12215887  12442995  12227228  12419802  12192316'
b'   12343259  12176501  12180685  12214995  12441952  12226157  12418824  12191434'
b'   12344530  12177710  12181859  12216029  12442809  12227275  12419867  12192511'
b'   12343397  12176806  12181036  12215299  12442107  12226398  12419082  12191642'
b'   12344874  12178196  12182497  12216703  12443514  12227849  12420399  12193019'
b'   12344872  12178292  12182481  12216667  12443613  12227825  12420385  12193031'
b'   12343634  12177006  12181407  12215503  12442604  12226695  12419270  12191857'
b'   12344616  12177751  12181983  12216200  12443492  12227470  12419795  12192490'
b'   12345468  12178170  12182219  12216419  12444041  12227667  12419871  12192673'
b'   12346320  12178660  12182400  12216670  12444639  12227929  12419891  12192946'
b'   12347140  12177900  12181261  12215381  12443798  12226732  12418476  12191716'
b'   12349006  12179653  12182819  12217063  12445873  12228299  12419907  12193275'
b'   12348747  12179143  12182178  12216481  12446086  12228163  12419332  12192792'
b'   12351034  12180713  12183836  12218288  12448105  12229947  12420941  12194692'
b'   12350293  12179156  12181713  12216476  12446624  12228028  12418988  12193020'
b'   12351363  12179779  12182224  12217420  12447588  12228625  12419356  12194021'
b'   12352673  12180125  12181965  12217502  12447895  12228462  12418996  12194189'
b'   12353065  12179583  12181184  12217014  12447304  12227867  12418220  12193834'
b'   12352910  12178927  12180268  12216514  12446697  12226962  12417334  12193403'
b'   12352414  12177884  12178957  12215730  12445284  12225669  12416113  12192724'
b'   12353523  12178321  12178869  12215925  12445138  12225493  12415977  12193057'
b'   12352701  12177543  12178160  12215370  12444191  12224624  12415185  12192505'
b'   12353614  12178715  12179182  12216450  12444947  12225549  12416295  12193911'
b'   12352151  12177924  12178668  12215847  12443969  12224871  12415845  12193394'
b'   12351450  12177326  12178226  12215311  12443512  12224495  12415472  12193114'
b'   12352405  12178367  12179216  12216401  12444371  12225366  12416369  12194299'
b'   12351306  12177776  12178931  12216120  12444012  12225058  12416089  12194178'
b'   12350730  12177232  12178383  12215502  12443431  12224477  12415709  12193718'
b'   12351298  12177931  12179001  12216192  12444171  12225096  12416210  12194579'
b'   12352103  12178976  12180089  12217200  12445162  12226198  12417325  12195732'
b'   12351426  12178705  12179996  12217109  12445313  12226212  12417323  12195809'
b'   12351222  12178591  12179807  12216972  12445430  12226126  12417334  12195889'
b'   12350478  12177873  12179313  12216357  12444956  12225634  12416864  12195403'
b'   12351155  12178580  12180025  12217103  12445811  12226339  12417546  12196167'
b'   12351545  12179121  12180761  12217333  12446763  12227036  12418250  12196712'
b'   12351346  12178959  12180513  12216970  12446890  12227010  12418185  12196659'
b'   12352844  12180285  12181736  12218255  12448514  12228441  12419514  12198081'
b'   12352152  12179574  12181018  12217618  12448330  12227863  12418899  12197603'
b'   12351111  12178608  12180215  12216997  12448150  12227427  12418309  12197159'
b'   12351501  12179084  12180715  12217686  12448922  12228058  12418860  12197812'
b'   12351517  12178747  12180193  12217484  12448727  12227666  12418487  12197812'
b'   12350799  12177961  12179159  12216579  12447926  12226740  12417533  12197158'
b'   12351558  12178257  12179335  12217338  12447943  12226867  12417776  12197951'
b'   12350400  12176912  12178063  12216218  12446398  12225552  12416605  12196960'
b'   12350486  12177187  12178221  12216536  12446349  12225612  12416870  12197291'
b'   12350757  12177539  12178474  12216625  12445757  12225377  12416998  12197426'
b'   12351811  12178925  12179885  12217755  12446686  12226697  12418508  12198714'
b'   12351535  12179024  12180112  12218016  12446555  12226965  12418797  12198983'
b'   12351860  12179147  12180425  12218110  12446573  12227016  12419100  12199227'
b'   12350297  12178161  12179732  12217150  12445477  12226351  12418584  12198308'
b'   12351700  12179405  12180935  12218208  12446338  12227313  12419828  12199485'
b'   12348820  12177390  12179357  12216375  12444421  12225753  12418713  12197721'
b'   12348685  12178901  12181851  12218272  12446244  12228271  12421515  12199880'
b'   12347496  12178578  12182037  12218107  12446035  12228469  12421974  12199491'
b'   12346707  12178210  12181966  12217726  12445817  12228260  12422046  12199112'
b'   12346401  12179057  12183023  12218398  12446471  12229259  12423269  12199869'
b'   12346057  12179462  12183852  12218697  12447204  12230094  12424173  12200272'
b'   12346595  12180933  12185612  12220107  12448629  12231769  12425966  12201545'
b'   12345287  12180412  12185260  12219509  12448322  12231458  12425666  12200856'
b'   12344169  12180765  12186332  12219972  12449174  12232476  12426715  12201294'
b'   12342481  12180557  12186621  12220062  12449988  12233077  12427311  12201373'
b'   12338945  12179708  12186350  12219512  12449638  12232791  12427365  12200624'
b'   12335952  12179323  12187129  12220336  12450522  12233768  12428272  12201007'
b'   12330804  12177431  12186376  12219649  12450064  12233500  12428113  12199890'
b'   12327579  12176256  12186071  12219449  12449561  12233241  12428072  12199464'
b'   12326352  12176356  12187164  12220603  12450445  12234349  12429347  12200408'
b'   12325874  12175593  12186533  12220220  12449683  12233735  12428764  12199805'
b'   12326223  12175574  12186397  12220312  12448947  12233399  12428562  12199608'
b'   12327253  12176561  12187463  12221356  12449483  12234247  12429378  12200395'
b'   12326831  12176053  12187025  12220891  12448728  12233672  12428837  12199607'
b'   12327312  12176514  12187545  12221333  12448808  12233833  12429099  12199780'
b'   12326362  12175611  12186545  12220380  12447507  12232815  12428128  12198656'
b'   12327675  12176727  12187763  12221496  12448465  12233955  12429209  12199584'
b'   12328376  12177011  12188243  12221778  12448798  12234199  12429362  12199737'
b'   12326759  12175482  12186759  12220286  12447172  12232667  12427941  12198205'
b'   12328941  12177892  12189091  12222609  12449315  12234936  12430062  12200223'
b'   12329630  12178492  12189726  12223211  12449940  12235579  12430659  12200671'
b'   12328583  12177142  12188480  12221958  12448762  12234380  12429410  12199331'
b'   12328824  12177359  12188748  12222025  12449146  12234663  12429580  12199325'
b'   12329479  12178094  12189508  12222779  12450041  12235371  12430282  12199820'
b'   12329823  12178363  12189853  12223060  12450459  12235760  12430519  12200049'
b'   12329107  12177563  12189174  12222290  12449961  12235116  12429929  12199184'
b'   12330186  12178871  12190638  12223534  12451871  12236817  12431397  12200255'
b'   12329082  12177667  12189382  12222315  12451133  12235762  12430204  12199020'
b'   12329512  12178073  12189895  12222675  12451942  12236282  12430549  12199316'
b'   12329201  12177618  12189278  12222260  12451726  12235875  12430095  12198770'
b'   12329562  12177576  12189236  12222468  12452217  12236079  12430068  12198935'
b'   12329849  12177607  12189269  12222592  12452467  12236078  12430006  12198796'
b'   12331336  12178877  12190439  12223951  12453614  12237265  12431097  12200088'
b'   12330139  12177228  12188547  12222533  12451772  12235435  12429231  12198508'
b'   12330074  12176768  12188100  12222224  12451034  12234799  12428747  12198058'
b'   12330874  12177416  12188670  12223010  12451413  12235271  12429222  12198640'
b'   12330938  12177421  12188608  12222949  12450980  12235057  12429020  12198496'
b'   12331120  12177640  12188929  12223251  12450550  12235040  12429222  12198633'
b'   12330928  12177374  12188770  12223045  12450083  12234735  12428952  12198253'
b'   12331293  12177759  12189110  12223319  12450287  12235034  12429244  12198516'
b'   12332069  12178535  12189937  12224091  12450680  12235760  12429913  12199165'
b'   12330965  12177428  12188799  12222969  12449366  12234481  12428762  12197996'
b'   12331463  12177929  12189371  12223397  12449755  12234883  12429206  12198423'
b'   12332244  12178831  12190247  12224240  12450669  12235797  12430133  12199198'
b'   12332446  12179086  12190677  12224586  12450904  12236124  12430327  12199466'
b'   12331325  12177907  12189409  12223372  12449771  12234925  12429270  12198199'
b'   12331672  12178315  12189906  12223752  12450285  12235320  12429586  12198490'
b'   12332617  12179365  12190970  12224792  12451469  12236450  12430667  12199491'
b'   12331917  12178771  12190396  12223959  12451293  12235974  12430103  12198654'
b'   12331519  12178481  12190273  12223697  12451225  12235974  12429963  12198283'
b'   12331464  12178605  12190493  12223902  12452008  12236327  12430122  12198286'
b'   12332471  12179560  12191680  12224842  12453789  12237752  12431225  12199230'
b'   12332332  12179282  12191341  12224743  12454269  12237773  12431428  12199114'
b'   12331560  12178301  12190276  12223817  12453644  12236935  12430249  12198119'
b'   12332634  12179209  12191161  12224749  12454695  12237825  12431082  12199155'
b'   12332776  12178975  12190774  12224707  12454812  12237766  12430740  12199114'
b'   12332917  12178882  12190637  12224799  12454637  12237489  12430624  12199080'
b'   12332557  12178167  12189911  12224229  12454060  12236876  12429989  12198614'
b'   12332728  12177991  12189481  12224272  12452875  12236271  12429693  12198578'
b'   12333643  12178826  12190202  12225020  12453082  12236905  12430336  12199351'
b'   12332805  12178247  12189665  12224354  12452064  12236084  12429571  12198487'
b'   12333243  12178731  12190134  12224680  12452230  12236350  12430132  12198862'
b'   12333675  12179191  12190765  12225370  12452679  12236975  12430983  12199183'
b'   12332807  12178245  12189874  12224381  12451860  12235903  12429893  12198110'
b'   12333186  12178718  12190325  12224795  12452267  12236357  12430251  12198523'
b'   12333198  12178825  12190496  12224938  12452494  12236450  12430313  12198421'
b'   12334064  12179824  12191519  12225731  12453366  12237399  12431165  12199185'
b'   12334044  12179840  12191507  12225809  12453464  12237341  12431159  12199261'
b'   12333134  12178823  12190581  12225035  12452544  12236628  12430291  12198156'
b'   12333275  12178982  12190768  12225145  12452674  12236604  12430272  12198350'
b'   12332798  12178590  12190484  12224729  12452371  12236286  12429950  12197866'
b'   12333390  12179239  12191015  12225381  12452896  12236865  12430369  12198305'
b'   12332410  12178134  12190010  12224412  12452093  12235927  12429375  12197323'
b'   12334240  12180113  12192146  12226374  12454040  12237789  12431192  12199305'
b'   12334028  12179733  12191748  12226109  12453614  12237524  12430880  12198848'
b'   12334800  12180565  12192618  12226985  12454496  12238187  12431514  12199505'
b'   12333299  12178856  12190915  12225329  12452905  12236588  12429837  12197887'
b'   12333892  12179609  12191622  12225975  12453424  12237237  12430470  12198560'
b'   12333861  12179569  12191481  12225907  12453368  12237178  12430347  12198433'
