b'   12487270  12359258  12377627  12527519  12678158  12373481  12532925  12396683'
b'   12528135  12397026  12413794  12566606  12717485  12408570  12571904  12435912'
b'   12607147  12471470  12485238  12641461  12793864  12477029  12651218  12511192'
b'   12637552  12500049  12512097  12669555  12822705  12502871  12682054  12539426'
b'   12656891  12518046  12529173  12687474  12841108  12519715  12701510  12557343'
b'   12669955  12530186  12540664  12699479  12853569  12531080  12714496  12569313'
b'   12680502  12539950  12549978  12709136  12863779  12540318  12724814  12579030'
b'   12688394  12547253  12556932  12716227  12871547  12547441  12732742  12586331'
b'   12694816  12553195  12562570  12722280  12877983  12553168  12738979  12592202'
b'   12701320  12559354  12568444  12728249  12884467  12559174  12745213  12598285'
b'   12706198  12563840  12572956  12732747  12889818  12563798  12750167  12602726'
b'   12710919  12568413  12577284  12737159  12895055  12568492  12755035  12607321'
b'   12715013  12572418  12581334  12741030  12899702  12572513  12759171  12611177'
b'   12718621  12575482  12584129  12744319  12904108  12576089  12762529  12614402'
b'   12722457  12579071  12587527  12747804  12908060  12579532  12766091  12617880'
b'   12724797  12580856  12589279  12749724  12910353  12581357  12768059  12619706'
b'   12727477  12583130  12591255  12752199  12913050  12583473  12770249  12621803'
b'   12731553  12586954  12594840  12755994  12916837  12587199  12773985  12625511'
b'   12733549  12588550  12596378  12757739  12918389  12588604  12775466  12627006'
b'   12736174  12590633  12598244  12760146  12919724  12590187  12777369  12628917'
b'   12738567  12592839  12600349  12762139  12921445  12591989  12779376  12630867'
b'   12740850  12595054  12602516  12764411  12922878  12593849  12781466  12632852'
b'   12742785  12596905  12604380  12766141  12924497  12595516  12783374  12634564'
b'   12744066  12598146  12605642  12767392  12925565  12596544  12784576  12635670'
b'   12746113  12600243  12607566  12769238  12927290  12598258  12786586  12637667'
b'   12747986  12601993  12609329  12770914  12928907  12599929  12788357  12639293'
b'   12748844  12602826  12610181  12771713  12929798  12600647  12789099  12639930'
b'   12751641  12605576  12612886  12774430  12932465  12603282  12791966  12642794'
b'   12752471  12606362  12613736  12775206  12933442  12603965  12792836  12643474'
b'   12753136  12606975  12614247  12775690  12934300  12604696  12793548  12644038'
b'   12755267  12609132  12616453  12777859  12936629  12606934  12795885  12646217'
b'   12757724  12611728  12618915  12780211  12939369  12609514  12798312  12648733'
b'   12759062  12613158  12620480  12781519  12941525  12611049  12799883  12650108'
b'   12759847  12613944  12621401  12782304  12943052  12612126  12800937  12650892'
b'   12761013  12615235  12622648  12783604  12944892  12613592  12802239  12652143'
b'   12762550  12616536  12623971  12784934  12947135  12615310  12803759  12653618'
b'   12763532  12617147  12624469  12785669  12948164  12615908  12804383  12654186'
b'   12765044  12618502  12625696  12786991  12949777  12617231  12805587  12655436'
b'   12765577  12618833  12625996  12787471  12950145  12617515  12805928  12655599'
b'   12767264  12620458  12627455  12789192  12951665  12618947  12807409  12657158'
b'   12768571  12621299  12628213  12790208  12951907  12619405  12807975  12657773'
b'   12768730  12621259  12628096  12790339  12951334  12618976  12807658  12657614'
b'   12770125  12622571  12629326  12791545  12952017  12620017  12808808  12658735'
b'   12770500  12623130  12629819  12791991  12951771  12620000  12809098  12659000'
b'   12772294  12624874  12631565  12793638  12953216  12621567  12810814  12660647'
b'   12772049  12624518  12631293  12793404  12952824  12621172  12810586  12660343'
b'   12773598  12626260  12632935  12794828  12954039  12622637  12812079  12661852'
b'   12773945  12626738  12633564  12795272  12954454  12623000  12812633  12662316'
b'   12774300  12627123  12633824  12795641  12954681  12623255  12813012  12662602'
b'   12775991  12628817  12635548  12797145  12956342  12624909  12814635  12664253'
b'   12777056  12630030  12636639  12798322  12957463  12626023  12815817  12665238'
b'   12777513  12630360  12637216  12798674  12958252  12626472  12816259  12665828'
b'   12778330  12631238  12637985  12799483  12959376  12627468  12817161  12666523'
b'   12778358  12631296  12638165  12799533  12959659  12627533  12817277  12666693'
b'   12779002  12632137  12639154  12800180  12961305  12628646  12818330  12667525'
b'   12779931  12633174  12640155  12801161  12962834  12629907  12819497  12668508'
b'   12780973  12634171  12641176  12802112  12964976  12631361  12820611  12669740'
b'   12781865  12635012  12641824  12802846  12966142  12632103  12821358  12670394'
b'   12782374  12635391  12642243  12803446  12966936  12632693  12821828  12670934'
b'   12783063  12635821  12642515  12804020  12967548  12633103  12822206  12671163'
b'   12783803  12636370  12643216  12804756  12968213  12633647  12822648  12671717'
b'   12785283  12637647  12644331  12806080  12969143  12634772  12823681  12672857'
b'   12785577  12637746  12644271  12806349  12968537  12634390  12823410  12672724'
b'   12786159  12637976  12644586  12806737  12968364  12634501  12823523  12673009'
b'   12786277  12638258  12644749  12806926  12968068  12634430  12823695  12672996'
b'   12786782  12638818  12645421  12807461  12967853  12634605  12824156  12673368'
b'   12787218  12639272  12645903  12807807  12968068  12634955  12824566  12673811'
b'   12787579  12639595  12646232  12808133  12968214  12635126  12824884  12674133'
b'   12788240  12640423  12646964  12808878  12968622  12635706  12825643  12674740'
b'   12789594  12641760  12648311  12810058  12969779  12636888  12826960  12676021'
b'   12790132  12642469  12649144  12810837  12970527  12637659  12827776  12676886'
b'   12789979  12642331  12648929  12810632  12970412  12637448  12827566  12676560'
b'   12790667  12643048  12649848  12811436  12971216  12638261  12828375  12677436'
b'   12791764  12644159  12650900  12812469  12972376  12639396  12829459  12678413'
b'   12792130  12644799  12651450  12812898  12973316  12640124  12830227  12679015'
b'   12792873  12645472  12652298  12813508  12974201  12640779  12830922  12679734'
b'   12793490  12646273  12653008  12814178  12975480  12641744  12831771  12680557'
b'   12793923  12646739  12653705  12814659  12976468  12642590  12832450  12681131'
b'   12793245  12646288  12653177  12813996  12976466  12642226  12832161  12680808'
b'   12794332  12647214  12654287  12815078  12978517  12643613  12833195  12681776'
b'   12794463  12647329  12654293  12815321  12979018  12643738  12833242  12681925'
b'   12794521  12647174  12654068  12815183  12979258  12643729  12833149  12681797'
b'   12795255  12647809  12654532  12816017  12979973  12644317  12833541  12682298'
b'   12796288  12648560  12655276  12816842  12980756  12645167  12834292  12683114'
b'   12796421  12648418  12655183  12816926  12980525  12644823  12834147  12682806'
b'   12796679  12648465  12655026  12817067  12979678  12644532  12833937  12682599'
b'   12795836  12647452  12653984  12816161  12978424  12643225  12832755  12681543'
b'   12797160  12648798  12655409  12817485  12978730  12644094  12834093  12682700'
b'   12798207  12649873  12656574  12818544  12979484  12645048  12835197  12683705'
b'   12797863  12649617  12656258  12818377  12979079  12644618  12834916  12683291'
b'   12798056  12649885  12656638  12818457  12978823  12644667  12835238  12683543'
b'   12798772  12650755  12657467  12819334  12979579  12645505  12835978  12684415'
b'   12798727  12650668  12657368  12819271  12979466  12645256  12835936  12684285'
b'   12799332  12651349  12658193  12819872  12980113  12645987  12836678  12684861'
b'   12799080  12651139  12657889  12819513  12979672  12645698  12836513  12684689'
b'   12799966  12652005  12658740  12820337  12980586  12646415  12837338  12685620'
b'   12801060  12653198  12659936  12821325  12981772  12647680  12838660  12686865'
b'   12799228  12651363  12657918  12819439  12980105  12645692  12836832  12684957'
b'   12800746  12653057  12659172  12820498  12981333  12646954  12838360  12686494'
b'   12801697  12654088  12660351  12821711  12983261  12648362  12839567  12687662'
b'   12801360  12653790  12660632  12822249  12984023  12648348  12839351  12687440'
b'   12802089  12654603  12661641  12823209  12985663  12649518  12840397  12688454'
b'   12803519  12655962  12663200  12825089  12988196  12651298  12841775  12689921'
b'   12803689  12656064  12663191  12825387  12988567  12651317  12841914  12690127'
b'   12805621  12658126  12664585  12827665  12990504  12652587  12843696  12691868'
b'   12806850  12659075  12665737  12829529  12992055  12653464  12844653  12692716'
b'   12808284  12660481  12666779  12831282  12993138  12654132  12845660  12693784'
b'   12810400  12662563  12668248  12833781  12994451  12655147  12847560  12695230'
b'   12813425  12666025  12670054  12836051  12995861  12656636  12851317  12698327'
b'   12814832  12667330  12671557  12838793  12997474  12657624  12852601  12699352'
b'   12818853  12671991  12674190  12841787  12999115  12659595  12857694  12703511'
b'   12820625  12673933  12676075  12844476  13000672  12660994  12860436  12705901'
b'   12824480  12678170  12679828  12849383  13004413  12664283  12864748  12709746'
b'   12825666  12679627  12681079  12851134  13005475  12665135  12866373  12710993'
b'   12827093  12681098  12684713  12856012  13008836  12667665  12867977  12712593'
b'   12829890  12683814  12688988  12861602  13013112  12671090  12870441  12715227'
b'   12831413  12685422  12691407  12864546  13016011  12673447  12871926  12716410'
b'   12832976  12687368  12694691  12868590  13019156  12675912  12873585  12717981'
b'   12834813  12689184  12696989  12871063  13020706  12677000  12874363  12718747'
b'   12835036  12689904  12700002  12874715  13023314  12678929  12874741  12719074'
b'   12835423  12690297  12702772  12878044  13025620  12680910  12876365  12718940'
b'   12837395  12692385  12706905  12882680  13029531  12683756  12876850  12720350'
b'   12837300  12692920  12710094  12886125  13033056  12686150  12876534  12720039'
b'   12838946  12694998  12712807  12888718  13035270  12688098  12878008  12721026'
b'   12838254  12694417  12714174  12890495  13037847  12689235  12877061  12720398'
b'   12838933  12695293  12715868  12892230  13039715  12690700  12877816  12721042'
b'   12840352  12696867  12716544  12892658  13041154  12691974  12879150  12722172'
b'   12841865  12698021  12717113  12893322  13042357  12692701  12879959  12722981'
b'   12844849  12700913  12717561  12893661  13042172  12692970  12881747  12724712'
b'   12848112  12703417  12718183  12893765  13042631  12693689  12884138  12727347'
b'   12850130  12704759  12717415  12892902  13041609  12693068  12884245  12727918'
b'   12852561  12706618  12718226  12893668  13041241  12693299  12885825  12729549'
b'   12853663  12707403  12717868  12893308  13040510  12692905  12886561  12730378'
b'   12854954  12708683  12717892  12893059  13039586  12692569  12887021  12730978'
b'   12855480  12709075  12717935  12892454  13039322  12692903  12887657  12731618'
b'   12856976  12710628  12719642  12893850  13040089  12694054  12888814  12732922'
b'   12858069  12711847  12720011  12894169  13039982  12694398  12890003  12733889'
b'   12859334  12712825  12719837  12893361  13039663  12694400  12890836  12735031'
b'   12861068  12714230  12720535  12893796  13040005  12695258  12893084  12737205'
b'   12864002  12717051  12721449  12893920  13040519  12696427  12896284  12740297'
b'   12864362  12717560  12721524  12894231  13040644  12696692  12896855  12740909'
b'   12865872  12719037  12722603  12894644  13041389  12697733  12898371  12742503'
b'   12865635  12718771  12722376  12894482  13041457  12697502  12898243  12742296'
b'   12868659  12721690  12724555  12896090  13043440  12699860  12900880  12745285'
b'   12869168  12722340  12725441  12896567  13044293  12700539  12902315  12746508'
b'   12870380  12723558  12727344  12898418  13046900  12702602  12903462  12747499'
b'   12868237  12721525  12727498  12898779  13047663  12702460  12901347  12745420'
b'   12867736  12721146  12727851  12899764  13049108  12702912  12901190  12745281'
b'   12866473  12719648  12728185  12901162  13050984  12703914  12899752  12743993'
b'   12864931  12718362  12729055  12903250  13052148  12704091  12898422  12742719'
b'   12863423  12716935  12728676  12903623  13052451  12703956  12897305  12741512'
b'   12864322  12717439  12728370  12903295  13052699  12704258  12897915  12742243'
b'   12865803  12718335  12728830  12904118  13052098  12703796  12898044  12742687'
b'   12869396  12721199  12730966  12906519  13054007  12705573  12899798  12745237'
b'   12870503  12721252  12731338  12907627  13053993  12705073  12899799  12745733'
b'   12875028  12724351  12733720  12909953  13055738  12707362  12902494  12750010'
b'   12877537  12725692  12735553  12912203  13057660  12708790  12903628  12752331'
b'   12878825  12726337  12737265  12914637  13059312  12709774  12903741  12753203'
b'   12880332  12727480  12738667  12916420  13060158  12710304  12904240  12754422'
b'   12881343  12728336  12740739  12918445  13061277  12711130  12904681  12754887'
b'   12881135  12728018  12741357  12919595  13063333  12712968  12905268  12755394'
b'   12879937  12727109  12741089  12919140  13062996  12712661  12904826  12754638'
b'   12876828  12724703  12739070  12916564  13061091  12711374  12903552  12752533'
b'   12872676  12722155  12735849  12912191  13057325  12709408  12902601  12749824'
b'   12870536  12720202  12732137  12907543  13053561  12706604  12902045  12749069'
b'   12867863  12718440  12729620  12904836  13053034  12706027  12901350  12747631'
b'   12868320  12719184  12728226  12903253  13052301  12705510  12902758  12748362'
b'   12865069  12716605  12726298  12900683  13051299  12704093  12900230  12745589'
b'   12863883  12715661  12724585  12898393  13050160  12703047  12899716  12745021'
b'   12863193  12714955  12724238  12898456  13051190  12703657  12899374  12744767'
b'   12859835  12711801  12721320  12895330  13048848  12701426  12896441  12741509'
b'   12858225  12710420  12720062  12893561  13047497  12700192  12894491  12739594'
b'   12857108  12708971  12717814  12891277  13045323  12698426  12893094  12738391'
b'   12856317  12708305  12716600  12889671  13043790  12697325  12892280  12737629'
b'   12855143  12706755  12713897  12886339  13041250  12695597  12890853  12736266'
b'   12854312  12705877  12712984  12885578  13039266  12694273  12889348  12734963'
b'   12852745  12704320  12710720  12882795  13036887  12692707  12888249  12733731'
b'   12853071  12704918  12711550  12883882  13037128  12692918  12888667  12734273'
b'   12850681  12702534  12709849  12882124  13035142  12690954  12885986  12731711'
b'   12849413  12701338  12709375  12881211  13034702  12690773  12884699  12730609'
b'   12847277  12699267  12708246  12879739  13033578  12690037  12882563  12728558'
b'   12846896  12698895  12708430  12879651  13033452  12690017  12881783  12728129'
b'   12843942  12696087  12704160  12873700  13028445  12686379  12878802  12725035'
b'   12842313  12694567  12703608  12873087  13028106  12685921  12877102  12723411'
b'   12841437  12694243  12703022  12870862  13027093  12685916  12876852  12723036'
b'   12839182  12692581  12703574  12871304  13028212  12686769  12875190  12720914'
b'   12837353  12691381  12701816  12867956  13025871  12685328  12873890  12719124'
b'   12835839  12690235  12700465  12866111  13024692  12684052  12872776  12717767'
b'   12836317  12690785  12700802  12865587  13024813  12684631  12873490  12718431'
b'   12836078  12690977  12700880  12864877  13025343  12684891  12873716  12718552'
b'   12836056  12690759  12700671  12864461  13025740  12684953  12873661  12718638'
b'   12835965  12690827  12700461  12864319  13026080  12684859  12873642  12718587'
b'   12837348  12691782  12701372  12865496  13027756  12686163  12874667  12719787'
b'   12836588  12690899  12700354  12864695  13027184  12685360  12873811  12718985'
b'   12835459  12689670  12698952  12863505  13026136  12684001  12872650  12717777'
b'   12836199  12689902  12699051  12863993  13026089  12684079  12872797  12718049'
b'   12835594  12689091  12698172  12863265  13024876  12683053  12871734  12717126'
b'   12835561  12689028  12697827  12863164  13024160  12682561  12871291  12716847'
b'   12835758  12689009  12697794  12863261  13023109  12682092  12871067  12716657'
b'   12835631  12688822  12697621  12863009  13022394  12681659  12870893  12716585'
b'   12835551  12688774  12697632  12862900  13021742  12681316  12870855  12716494'
b'   12834660  12687942  12696695  12862111  13020698  12680235  12870001  12715764'
b'   12835202  12688463  12697423  12862633  13021086  12680787  12870658  12716392'
b'   12834962  12688206  12697011  12862308  13020514  12680366  12870335  12716063'
b'   12835836  12689218  12698014  12863275  13021384  12681291  12871352  12717101'
b'   12835909  12689344  12698118  12863247  13021552  12681296  12871431  12717410'
b'   12835686  12688979  12697957  12862971  13021395  12681094  12871345  12717138'
b'   12835524  12688945  12697711  12862847  13021501  12680999  12871338  12717211'
b'   12834607  12688000  12696859  12862067  13020811  12680176  12870448  12716264'
b'   12835104  12688643  12697483  12862595  13021789  12680930  12871130  12717032'
b'   12835241  12688801  12697861  12862765  13022374  12681415  12871458  12717343'
b'   12835956  12689645  12698578  12863542  13023730  12682463  12872338  12718379'
b'   12834791  12688511  12697606  12862417  13023763  12681861  12871423  12717462'
b'   12835793  12689448  12698432  12863335  13025373  12683166  12872484  12718619'
b'   12835780  12689245  12698256  12863300  13025582  12683024  12872245  12718496'
b'   12835975  12689293  12698200  12863478  13026164  12683202  12872401  12718590'
b'   12835910  12689060  12697880  12863299  13026043  12683052  12872095  12718381'
b'   12836171  12689040  12697742  12863525  13025765  12682886  12871919  12718416'
b'   12835238  12687767  12696451  12862432  13024243  12681473  12870500  12717004'
b'   12835463  12687953  12696580  12862839  13023878  12681449  12870518  12717164'
b'   12834999  12687473  12696007  12862299  13022339  12680380  12869899  12716435'
b'   12835377  12688041  12696391  12862779  13022415  12680689  12870137  12716862'
b'   12834897  12687549  12695953  12862273  13021617  12680039  12869702  12716423'
b'   12835868  12688550  12697068  12863092  13021950  12680951  12870888  12717420'
b'   12835392  12688149  12696650  12862648  13021337  12680401  12870606  12717211'
b'   12834768  12687364  12696063  12861969  13020490  12679556  12869834  12716670'
b'   12835880  12688547  12697263  12863146  13021446  12680706  12870920  12717802'
b'   12834836  12687642  12696232  12862118  13020479  12679730  12870115  12716912'
b'   12834439  12687274  12695917  12861931  13020169  12679286  12869709  12716505'
b'   12834694  12687459  12696266  12862053  13020767  12679742  12870129  12716770'
b'   12834810  12687706  12696627  12862328  13021076  12680028  12870504  12717000'
b'   12834876  12687847  12696753  12862412  13021852  12680493  12870675  12717048'
b'   12834787  12687764  12696780  12862351  13022440  12680820  12870757  12716996'
b'   12833760  12687015  12696178  12861552  13022377  12680252  12870196  12716210'
b'   12834971  12688322  12697410  12862795  13025062  12682060  12871647  12717550'
b'   12833989  12687218  12696342  12861879  13024713  12681276  12870637  12716616'
b'   12833939  12687022  12696140  12861749  13025015  12681264  12870577  12716566'
b'   12835649  12688536  12697457  12863336  13026859  12682932  12872085  12718175'
b'   12835585  12688310  12697076  12863175  13026662  12682688  12871795  12718194'
b'   12834777  12687308  12696010  12862200  13025543  12681608  12870631  12717186'
b'   12834171  12686196  12694734  12861254  13023408  12680020  12869584  12716315'
b'   12835302  12687169  12695597  12862319  13023655  12680763  12870587  12717291'
b'   12836004  12687812  12696279  12863045  13023685  12681095  12871137  12717996'
b'   12835496  12687479  12695919  12862659  13022151  12680252  12870536  12717441'
b'   12834924  12686898  12695368  12861974  13021308  12679503  12869955  12716863'
b'   12834481  12686431  12694957  12861508  13020273  12678942  12869382  12716365'
b'   12834633  12686840  12695427  12861846  13020356  12679244  12869649  12716730'
b'   12835378  12687431  12696006  12862411  13020791  12679816  12870305  12717371'
b'   12834994  12687189  12695842  12862172  13020356  12679335  12869935  12716985'
b'   12834975  12687126  12695595  12862165  13020440  12679351  12869919  12716934'
b'   12835479  12687640  12696247  12862513  13021037  12679907  12870414  12717479'
b'   12835379  12687613  12696399  12862528  13021364  12680101  12870467  12717353'
b'   12835045  12687423  12696236  12862271  13021459  12680087  12870418  12717282'
b'   12834740  12687216  12696034  12862048  13021703  12680058  12870208  12717027'
b'   12834582  12687182  12696179  12862036  13022785  12680472  12870466  12716860'
b'   12835941  12688676  12697779  12863328  13024967  12682375  12871989  12718452'
b'   12835752  12688592  12697662  12863262  13025713  12682644  12872023  12718349'
b'   12835860  12688326  12697482  12863267  13026682  12682808  12871982  12718492'
b'   12835777  12688176  12697170  12863148  13026824  12682859  12871933  12718378'
b'   12835708  12688014  12696780  12863020  13026944  12682765  12871791  12718423'
b'   12835682  12687953  12696702  12863142  13026815  12682738  12871717  12718450'
b'   12835294  12687355  12695962  12862556  13025995  12681851  12870911  12717797'
b'   12834694  12686405  12694939  12861781  13023916  12680500  12869913  12717130'
b'   12835206  12686851  12695220  12862262  13023572  12680767  12870425  12717645'
b'   12835945  12687610  12696071  12863068  13023794  12681219  12871189  12718470'
b'   12834978  12686849  12695365  12862210  13022154  12680205  12870351  12717455'
b'   12835301  12687295  12695829  12862529  13022161  12680443  12870627  12717863'
b'   12834234  12686229  12694725  12861513  13020996  12679304  12869648  12716856'
b'   12833821  12685851  12694524  12861046  13020326  12678842  12869339  12716417'
b'   12834640  12686798  12695398  12862066  13021041  12679663  12870210  12717380'
b'   12834682  12686998  12695558  12862084  13021194  12679848  12870459  12717469'
b'   12834609  12686813  12695500  12862057  13021126  12679756  12870292  12717297'
b'   12835070  12687328  12696071  12862622  13021859  12680312  12870860  12717892'
b'   12833932  12686318  12695060  12861516  13021182  12679477  12869888  12716822'
b'   12834569  12686904  12695735  12862127  13022105  12680364  12870488  12717329'
b'   12833998  12686477  12695488  12861720  13022174  12680126  12870300  12716965'
b'   12834037  12686783  12695825  12861996  13023730  12681138  12871033  12717144'
b'   12834587  12687366  12696573  12862523  13025027  12681990  12871425  12717728'
b'   12835289  12688009  12697153  12863225  13026354  12682911  12872163  12718401'
b'   12834894  12687469  12696544  12862832  13026829  12682732  12871698  12718155'
b'   12834465  12687019  12695947  12862319  13026567  12682141  12871246  12717695'
b'   12834660  12686895  12695926  12862450  13026733  12682336  12871212  12717808'
b'   12833995  12685967  12694806  12861590  13025628  12681201  12870204  12716992'
b'   12833975  12685767  12694585  12861437  13024822  12680720  12869870  12716928'
b'   12834408  12686185  12694718  12861675  13023682  12680363  12869869  12717189'
b'   12834567  12686320  12695023  12861922  13023140  12680357  12870031  12717305'
b'   12835010  12686846  12695520  12862420  13023090  12680610  12870418  12717779'
b'   12835201  12687079  12695860  12862583  13022576  12680656  12870586  12717918'
b'   12833863  12685667  12694509  12861371  13021177  12679205  12869251  12716489'
b'   12834679  12686581  12695284  12862193  13021662  12679934  12870062  12717345'
b'   12835298  12687162  12695962  12862712  13022110  12680500  12870614  12717985'
b'   12834712  12686590  12695489  12862337  13021540  12679980  12870156  12717530'
b'   12833653  12685604  12694447  12861271  13020591  12678977  12869152  12716474'
b'   12834791  12686736  12695650  12862366  13021843  12680305  12870373  12717610'
b'   12834846  12686825  12695735  12862471  13021947  12680414  12870475  12717748'
b'   12835427  12687385  12696378  12863101  13022811  12681168  12871130  12718406'
b'   12835151  12687122  12696144  12862754  13023200  12681159  12871016  12718176'
b'   12835867  12687899  12697079  12863442  13024439  12682224  12871957  12718900'
b'   12835583  12687640  12696741  12863132  13025354  12682619  12872029  12718747'
b'   12834619  12686714  12695811  12862291  13025178  12681971  12871297  12718022'
