b'   12404551  12274549  12308654  12444952  12612784  12319105  12462268  12316248'
b'   12447619  12314213  12347013  12485404  12654185  12356169  12503885  12357613'
b'   12531988  12392747  12421794  12564216  12734235  12428626  12588110  12435474'
b'   12565368  12423574  12450567  12595055  12765287  12456797  12621810  12465067'
b'   12584973  12441868  12467419  12613251  12783608  12473675  12641382  12482607'
b'   12598073  12453817  12478481  12625241  12795786  12484811  12654340  12494267'
b'   12608577  12463324  12487389  12634873  12805450  12493826  12664483  12503758'
b'   12616440  12470359  12493876  12641866  12812640  12500596  12672119  12510549'
b'   12623122  12476273  12499628  12648036  12818991  12506444  12678473  12516461'
b'   12628672  12481356  12504209  12652990  12824168  12511155  12683703  12521443'
b'   12633957  12486124  12508805  12657866  12829015  12515817  12688637  12526067'
b'   12638474  12490105  12512523  12661968  12833237  12519703  12692800  12530110'
b'   12641675  12492815  12515168  12664686  12836174  12522326  12695719  12532695'
b'   12646237  12497080  12519202  12668821  12840485  12526423  12700006  12536771'
b'   12649998  12500449  12522486  12672280  12843945  12529668  12703498  12540214'
b'   12653049  12503270  12525190  12675257  12846882  12532419  12706325  12543040'
b'   12655573  12505492  12527255  12677234  12849187  12534429  12708674  12545135'
b'   12658152  12507878  12529478  12679650  12851514  12536596  12711050  12547848'
b'   12660906  12510280  12531796  12681868  12853976  12538895  12713426  12550312'
b'   12662326  12511355  12532834  12683189  12855299  12539914  12714646  12551609'
b'   12664464  12513213  12534530  12684985  12857171  12541657  12716427  12553441'
b'   12667142  12515645  12536953  12687530  12859691  12544012  12718793  12555739'
b'   12669334  12517447  12538749  12689463  12861595  12545698  12720526  12557442'
b'   12670271  12518416  12539566  12690442  12862577  12546560  12721432  12558065'
b'   12671256  12519287  12540556  12691444  12863551  12547302  12722337  12558495'
b'   12673517  12521441  12542488  12693468  12865689  12549349  12724406  12560284'
b'   12675577  12523448  12544399  12695442  12867582  12551153  12726189  12561859'
b'   12675601  12523309  12544134  12695469  12867425  12550860  12726035  12561215'
b'   12677829  12525436  12546390  12697673  12869565  12552933  12728138  12563243'
b'   12678435  12525971  12546852  12698135  12870121  12553316  12728587  12563647'
b'   12679819  12527178  12548036  12699381  12871398  12554369  12729830  12564847'
b'   12681369  12528765  12549444  12700877  12872927  12555831  12731271  12566325'
b'   12682867  12529968  12550958  12702222  12874236  12557085  12732719  12567586'
b'   12683809  12530836  12551681  12703081  12875187  12557762  12733520  12568330'
b'   12685692  12532628  12553540  12704747  12876980  12559482  12735348  12570138'
b'   12685182  12531988  12552891  12704101  12876426  12558818  12734745  12569449'
b'   12686502  12533298  12554051  12705529  12877764  12560053  12735930  12570675'
b'   12687042  12533690  12554445  12705970  12878315  12560415  12736375  12571217'
b'   12687099  12533712  12554411  12705969  12878349  12560396  12736305  12571268'
b'   12689851  12536516  12557205  12708537  12881046  12562975  12738968  12574069'
b'   12690861  12537349  12558096  12709554  12881954  12563855  12739913  12575081'
b'   12692097  12538309  12559226  12710445  12883046  12564787  12741048  12576401'
b'   12693606  12539797  12560585  12711875  12884443  12566156  12742418  12578086'
b'   12693589  12539921  12560539  12711807  12884553  12565919  12742391  12578007'
b'   12694512  12540673  12561319  12712754  12885294  12566825  12743230  12578706'
b'   12693923  12540075  12560751  12712239  12884769  12566020  12742457  12577768'
b'   12695738  12541811  12562420  12713899  12886371  12567686  12744139  12579412'
b'   12696395  12542405  12563125  12714661  12887146  12568437  12744689  12579853'
b'   12696581  12542549  12563098  12714851  12887196  12568265  12744698  12579505'
b'   12698220  12544195  12564886  12716659  12888830  12569878  12746297  12580789'
b'   12698320  12544358  12564968  12716787  12888952  12569946  12746245  12580601'
b'   12698335  12544289  12564894  12716789  12888875  12569760  12746218  12580262'
b'   12699708  12545561  12566227  12718123  12890187  12571111  12747549  12581563'
b'   12700431  12546332  12567010  12718799  12890941  12571770  12748206  12582304'
b'   12699769  12545598  12566200  12718098  12890288  12571050  12747554  12581482'
b'   12700745  12546573  12567200  12719064  12891163  12571855  12748481  12582406'
b'   12702807  12548621  12569330  12721038  12893200  12573922  12750461  12584381'
b'   12702746  12548640  12569188  12720981  12893179  12573747  12750358  12584327'
b'   12702760  12548518  12569223  12720978  12893373  12573760  12750533  12584389'
b'   12702797  12548524  12569114  12720900  12893302  12573571  12750433  12584370'
b'   12702992  12548690  12569315  12721140  12893577  12573751  12750675  12584573'
b'   12704741  12550296  12570977  12722711  12895039  12575331  12752159  12586195'
b'   12705515  12551121  12571720  12723496  12895878  12575902  12752892  12587196'
b'   12704594  12550263  12570910  12722583  12895098  12575010  12752097  12586425'
b'   12706450  12552024  12572730  12724299  12896889  12576754  12753825  12588408'
b'   12706837  12552315  12572908  12724573  12897136  12576940  12754032  12588942'
b'   12708114  12553549  12573999  12725744  12898336  12578261  12755231  12590186'
b'   12707680  12553201  12573643  12725426  12898067  12577746  12754811  12589677'
b'   12707874  12553319  12573879  12725590  12898180  12577892  12754892  12589597'
b'   12709395  12554915  12575404  12727156  12899725  12579355  12756398  12590977'
b'   12708898  12554286  12574874  12726767  12899143  12578829  12755785  12590199'
b'   12708953  12554271  12574816  12726858  12899228  12578732  12755668  12589689'
b'   12709455  12554862  12575310  12727546  12899810  12579331  12756294  12590052'
b'   12709456  12554874  12575346  12727511  12899848  12579200  12756136  12589602'
b'   12710326  12555736  12576194  12728417  12900553  12579956  12756906  12590436'
b'   12710441  12555818  12576371  12728553  12900699  12580072  12757024  12590463'
b'   12710969  12556354  12576899  12729002  12901184  12580469  12757536  12590898'
b'   12711144  12556513  12576949  12729166  12901417  12580709  12757739  12591042'
b'   12712077  12557425  12577985  12730026  12902321  12581481  12758594  12591914'
b'   12712077  12557444  12577979  12729993  12902302  12581435  12758592  12591854'
b'   12713101  12558442  12579040  12731055  12903288  12582495  12759526  12592934'
b'   12714085  12559293  12579904  12731805  12904207  12583236  12760363  12593914'
b'   12714225  12559606  12580176  12732024  12904350  12583378  12760644  12594089'
b'   12713720  12558910  12579519  12731514  12903848  12582787  12760056  12593580'
b'   12715391  12560622  12581181  12733030  12905464  12584361  12761716  12595261'
b'   12714973  12560084  12580782  12732652  12905045  12583926  12761251  12595014'
b'   12715686  12560720  12581374  12733162  12905672  12584369  12761740  12595770'
b'   12716133  12561142  12581822  12733475  12906128  12584832  12762229  12596567'
b'   12715739  12560669  12581270  12733033  12905719  12584301  12761838  12596187'
b'   12716040  12561024  12581599  12733389  12906093  12584602  12762066  12596665'
b'   12717174  12561999  12582605  12734395  12907060  12585490  12762984  12597402'
b'   12717445  12562211  12582852  12734781  12907323  12585908  12763215  12597756'
b'   12716505  12561374  12581887  12733774  12906437  12584889  12762262  12596518'
b'   12716806  12561598  12582216  12734263  12906740  12585211  12762589  12596510'
b'   12717404  12562396  12582966  12735078  12907603  12585872  12763187  12596854'
b'   12717659  12562477  12582990  12735319  12907629  12585959  12763373  12596729'
b'   12717485  12562403  12583025  12735342  12907490  12585847  12763241  12596313'
b'   12717809  12562737  12583348  12735554  12907898  12586104  12763422  12596455'
b'   12718302  12563191  12583852  12736022  12908329  12586554  12763886  12596936'
b'   12718774  12563602  12584213  12736461  12908741  12587027  12764288  12597320'
b'   12717710  12562629  12583245  12735506  12907836  12585876  12763348  12596224'
b'   12718557  12563354  12583977  12736262  12908609  12586693  12764075  12596991'
b'   12719409  12564326  12585010  12736963  12909401  12587459  12764964  12597928'
b'   12719422  12564342  12584940  12737077  12909439  12587425  12764999  12598009'
b'   12719606  12564485  12585087  12737162  12909587  12587623  12765105  12598255'
b'   12720264  12565160  12585886  12737871  12910343  12588345  12765811  12598990'
b'   12719880  12564702  12585336  12737412  12909843  12587805  12765294  12598489'
b'   12720707  12565463  12586083  12738092  12910713  12588538  12766123  12599668'
b'   12720627  12565340  12585967  12737890  12910525  12588333  12765906  12599604'
b'   12720852  12565609  12586281  12738098  12910820  12588555  12766200  12600079'
b'   12721927  12566544  12587151  12739019  12911755  12589540  12767179  12601472'
b'   12721909  12566456  12587083  12738956  12911763  12589553  12767150  12601345'
b'   12721678  12566249  12586926  12738850  12911512  12589192  12766778  12601054'
b'   12722706  12567420  12588080  12740126  12912662  12590411  12767942  12602023'
b'   12722768  12566807  12587295  12739500  12912094  12589673  12767285  12601586'
b'   12723619  12567302  12587729  12739928  12912485  12590173  12767760  12602361'
b'   12723211  12567436  12588025  12740370  12912687  12590411  12767826  12601333'
b'   12722290  12566703  12587483  12739763  12912128  12589666  12767114  12600260'
b'   12721689  12566149  12586737  12739372  12911559  12589061  12766442  12599505'
b'   12723192  12567795  12588470  12740790  12912996  12590548  12767983  12600859'
b'   12723233  12567839  12588414  12740819  12913005  12590594  12767990  12600918'
b'   12723835  12568268  12588896  12741240  12913470  12591073  12768479  12601409'
b'   12725028  12568805  12589202  12741613  12913816  12591286  12768962  12602826'
b'   12725073  12568895  12589268  12741527  12913923  12591383  12769182  12602923'
b'   12724927  12568543  12589023  12741406  12913763  12591069  12768807  12602599'
b'   12725649  12569056  12589390  12741705  12914176  12591574  12769321  12603438'
b'   12727051  12569747  12589895  12742350  12914720  12591973  12769994  12604832'
b'   12728090  12570267  12590242  12742693  12915031  12592313  12770616  12606291'
b'   12729373  12569849  12589406  12741866  12914441  12591448  12770457  12607585'
b'   12732268  12571359  12590373  12742892  12915523  12592510  12771734  12610233'
b'   12732596  12571734  12590766  12743141  12915926  12592907  12772352  12611423'
b'   12734405  12572153  12590756  12743233  12916038  12592911  12772857  12613461'
b'   12736709  12572253  12590340  12743107  12915983  12592593  12773101  12615774'
b'   12739530  12572338  12589849  12742839  12915774  12592233  12773469  12619007'
b'   12741808  12573228  12590146  12743006  12915939  12592312  12774011  12621064'
b'   12744544  12573380  12589383  12742607  12915415  12591579  12774150  12623604'
b'   12747279  12573247  12588589  12741929  12914921  12590839  12775012  12626336'
b'   12749037  12573558  12588199  12741942  12914782  12590635  12774888  12627863'
b'   12752094  12574388  12588276  12742443  12915053  12590793  12775741  12630407'
b'   12758130  12575488  12587953  12742564  12915235  12590634  12776816  12635515'
b'   12761022  12575405  12586503  12741375  12914006  12589237  12777059  12638835'
b'   12764874  12576146  12586400  12741525  12914273  12589021  12778160  12642995'
b'   12767519  12576108  12585420  12740933  12913804  12588311  12778492  12645999'
b'   12770902  12575570  12583487  12739455  12912397  12586519  12778429  12650152'
b'   12776101  12576603  12583187  12739460  12912478  12586210  12780016  12656277'
b'   12780480  12577524  12582455  12739056  12912105  12585768  12781126  12660582'
b'   12785988  12578885  12582200  12739215  12912417  12585530  12783188  12667082'
b'   12788840  12579743  12581982  12739044  12912293  12585435  12784398  12670259'
b'   12791557  12580206  12580699  12738058  12911427  12584277  12784885  12673439'
b'   12798140  12582104  12581213  12738875  12912183  12584763  12786911  12678495'
b'   12801459  12583716  12581694  12739537  12912937  12585319  12788973  12682885'
b'   12803929  12583961  12581205  12739174  12912808  12584975  12789629  12685915'
b'   12806667  12584149  12580313  12738410  12912093  12584023  12790340  12689092'
b'   12809656  12585280  12580100  12738191  12911999  12583876  12792302  12693845'
b'   12813061  12586873  12580403  12738356  12912294  12584200  12794190  12697870'
b'   12815284  12587257  12579964  12738209  12912176  12583998  12794950  12700306'
b'   12817153  12588286  12580646  12738828  12912893  12584723  12796230  12702269'
b'   12818980  12588225  12579430  12737624  12911555  12583339  12796220  12704498'
b'   12821286  12588647  12579302  12737944  12911828  12583298  12796856  12706140'
b'   12822332  12588026  12577954  12736693  12910437  12581861  12796025  12706482'
b'   12824064  12588928  12578655  12737655  12911265  12582848  12797817  12709932'
b'   12827441  12590495  12579061  12738141  12911762  12583254  12799958  12714020'
b'   12829667  12589873  12576947  12736501  12909951  12581213  12800118  12717214'
b'   12833645  12591745  12577701  12737224  12910629  12581823  12802270  12720812'
b'   12836919  12592575  12577341  12737046  12910553  12581413  12802685  12722379'
b'   12840795  12594254  12577625  12737141  12910589  12581339  12803704  12725372'
b'   12843048  12594810  12577964  12737457  12910970  12581784  12804767  12728427'
b'   12846294  12595480  12578229  12737700  12911190  12581834  12805376  12730734'
b'   12849844  12596002  12577630  12737317  12910881  12581260  12805753  12732950'
b'   12852277  12596638  12577277  12737069  12910524  12580874  12806655  12735266'
b'   12855885  12598309  12577846  12737524  12911026  12581366  12808589  12739294'
b'   12857505  12598609  12577353  12736765  12910282  12580654  12808416  12739475'
b'   12858423  12598590  12576862  12736063  12909747  12580101  12808692  12740526'
b'   12859904  12598983  12576567  12735810  12909677  12580109  12809776  12742124'
b'   12862571  12600896  12577659  12736818  12910542  12581149  12811581  12745168'
b'   12865155  12601756  12577713  12736888  12910678  12581140  12812851  12748528'
b'   12866719  12602554  12577754  12736703  12910678  12581114  12814339  12752229'
b'   12868671  12603056  12577408  12736526  12910367  12580846  12815558  12755458'
b'   12869631  12603045  12576830  12735913  12909654  12580160  12816207  12757207'
b'   12872718  12605703  12578384  12737408  12911178  12581842  12819697  12762020'
b'   12874953  12606020  12577264  12736430  12910235  12580867  12820563  12764064'
b'   12876420  12606066  12576594  12735712  12909687  12580088  12820590  12765085'
b'   12878250  12606546  12575954  12735077  12908950  12579576  12821404  12767107'
b'   12881677  12607953  12576416  12735797  12909551  12580230  12822615  12769481'
b'   12883174  12608484  12577132  12736422  12910194  12580892  12822645  12769883'
b'   12883135  12607711  12576063  12735737  12909498  12580079  12822802  12771738'
b'   12886830  12608924  12575893  12735655  12909154  12579772  12823623  12773492'
b'   12887516  12609230  12575843  12735453  12909131  12579703  12824549  12775546'
b'   12889683  12610210  12576386  12735909  12909682  12580184  12825464  12777865'
b'   12892118  12610907  12576274  12735750  12909373  12579827  12826107  12779661'
b'   12893495  12611540  12576244  12735680  12909273  12579821  12827249  12781922'
b'   12894786  12611808  12575914  12735229  12908863  12579351  12827537  12782555'
b'   12896667  12612407  12576011  12735403  12909092  12579556  12828452  12785071'
b'   12898330  12613596  12576566  12735640  12909310  12579860  12829942  12787318'
b'   12899154  12614192  12577147  12736330  12909978  12580486  12831206  12789764'
b'   12902044  12615688  12577443  12736342  12909984  12580677  12832764  12792409'
b'   12901377  12614791  12576661  12735867  12909525  12580163  12832675  12793779'
b'   12903900  12615489  12577170  12736135  12910105  12580696  12833036  12795025'
b'   12903853  12615476  12577523  12736520  12910429  12581174  12833697  12796732'
b'   12904643  12615594  12577514  12736122  12910313  12580987  12833382  12796715'
b'   12905508  12615446  12576579  12735069  12909450  12580080  12833256  12797287'
b'   12906458  12616348  12577861  12736078  12910520  12581318  12833989  12797892'
b'   12907397  12616487  12577688  12736159  12910444  12581288  12833926  12797921'
b'   12908352  12617199  12578734  12737109  12911460  12582319  12834244  12798698'
b'   12908675  12616780  12578794  12737191  12911399  12582128  12832286  12795519'
b'   12906335  12614983  12577592  12736038  12910065  12581069  12830835  12793894'
b'   12905244  12614858  12577775  12736038  12909953  12581081  12830089  12791640'
b'   12907311  12616834  12578746  12737077  12910670  12581784  12831337  12791812'
b'   12906666  12617369  12579165  12737429  12910943  12582308  12832322  12792590'
b'   12907394  12617003  12578886  12737171  12910727  12582115  12832131  12793065'
b'   12906757  12616635  12578789  12736894  12910622  12581994  12831557  12792369'
b'   12904492  12615595  12578469  12736313  12910111  12581486  12830217  12789336'
b'   12901627  12614852  12579463  12737117  12910769  12582404  12828689  12785645'
b'   12900081  12615162  12580493  12737848  12911395  12583250  12827786  12781983'
b'   12896213  12614415  12581164  12738325  12912058  12584254  12827418  12780806'
b'   12891384  12613117  12581818  12738552  12912363  12584868  12825868  12776089'
b'   12887894  12613434  12583514  12740024  12913811  12586753  12826711  12774859'
b'   12881439  12611716  12583727  12739720  12913539  12587032  12824680  12768518'
b'   12877940  12611342  12584739  12740347  12914225  12588046  12823989  12765052'
b'   12873782  12611496  12586211  12741338  12915251  12589502  12823381  12759543'
b'   12868721  12610026  12586281  12741028  12914996  12589471  12820684  12752028'
b'   12867094  12611294  12588427  12742689  12916758  12591534  12821897  12751315'
b'   12861565  12609535  12588582  12742367  12916704  12591797  12820311  12746444'
b'   12858201  12609304  12589804  12743224  12917446  12592859  12819130  12742149'
b'   12852650  12607492  12589684  12742868  12917093  12592694  12816741  12735726'
b'   12847526  12606060  12589905  12742916  12916927  12592930  12814782  12729940'
b'   12841435  12605626  12592177  12744425  12918494  12594861  12812719  12721088'
b'   12833926  12603908  12593019  12745122  12918824  12595771  12810434  12713907'
b'   12825919  12601571  12593181  12745003  12918743  12596067  12807863  12706376'
b'   12823577  12601567  12594479  12746024  12919512  12597081  12807027  12701887'
b'   12817538  12600410  12595024  12746371  12919753  12597659  12805532  12696028'
b'   12813265  12600096  12596239  12747206  12920327  12598555  12804305  12689974'
b'   12808125  12599560  12597455  12748139  12921430  12599864  12803675  12685915'
b'   12805875  12599479  12598375  12748808  12921818  12600328  12802640  12682665'
b'   12800577  12598532  12599159  12748928  12921814  12600809  12801311  12675922'
b'   12793348  12599271  12601895  12750887  12923630  12603255  12801280  12667886'
b'   12782929  12598141  12602712  12750828  12923664  12603886  12799791  12657537'
b'   12776421  12599158  12605715  12752683  12925346  12606601  12800390  12650944'
b'   12773348  12599376  12606842  12753485  12926087  12607872  12800420  12647776'
b'   12770919  12598760  12606855  12753327  12926020  12607813  12799666  12645371'
b'   12769647  12598546  12607223  12753581  12926454  12608234  12799414  12643948'
b'   12768156  12598030  12607128  12753497  12926359  12608172  12798622  12642572'
b'   12767337  12598008  12607451  12753994  12926913  12608510  12798617  12642019'
b'   12767085  12598285  12608238  12754667  12927621  12609177  12798769  12641798'
b'   12765899  12597587  12607955  12754217  12927363  12608851  12798185  12641051'
b'   12764171  12596164  12606782  12753121  12926516  12607794  12796735  12639406'
b'   12764592  12597081  12608000  12754464  12927795  12608946  12797688  12639955'
b'   12764355  12597221  12608371  12755040  12928167  12609333  12797647  12639711'
b'   12762709  12595752  12607244  12754040  12927189  12608223  12796233  12637858'
b'   12762793  12596283  12607907  12754787  12927892  12608835  12796519  12637866'
b'   12761839  12595683  12607406  12754577  12927458  12608386  12795713  12636546'
b'   12761738  12595811  12607897  12755074  12927794  12608729  12795818  12636136'
b'   12760384  12594688  12606837  12754300  12926838  12607689  12794510  12634194'
b'   12761492  12596108  12608445  12755945  12928430  12609210  12795806  12635093'
b'   12760605  12595331  12607977  12755397  12927938  12608588  12795042  12634331'
b'   12759241  12594163  12606938  12754513  12927092  12607575  12793833  12632884'
b'   12760918  12596006  12609047  12756531  12929038  12609584  12795632  12634644'
b'   12759524  12594466  12607606  12755202  12927860  12608326  12794199  12633075'
b'   12760033  12595399  12608583  12756255  12928823  12609178  12794945  12633859'
b'   12760037  12595463  12608767  12756461  12929017  12609378  12794862  12633703'
b'   12759891  12595276  12608821  12756579  12929226  12609530  12794858  12633741'
b'   12763202  12598868  12612448  12760137  12932688  12612949  12798190  12637168'
b'   12759592  12595095  12608948  12756793  12929464  12609458  12794657  12633538'
b'   12759348  12594873  12608872  12756642  12929446  12609382  12794436  12633436'
b'   12759410  12594969  12608989  12756875  12929692  12609526  12794446  12633509'
b'   12758155  12593784  12607834  12755791  12928624  12608272  12793199  12632334'
b'   12758495  12594419  12608741  12756532  12929473  12608934  12793849  12633138'
b'   12758170  12594157  12608598  12756411  12929261  12608777  12793500  12632859'
b'   12758634  12594910  12609426  12757202  12930029  12609576  12794099  12633059'
b'   12757660  12593792  12608379  12756399  12929247  12608602  12793166  12631887'
b'   12758317  12594592  12609141  12757326  12930122  12609627  12793769  12632574'
b'   12757750  12593938  12608598  12756989  12929750  12609145  12793349  12632051'
b'   12757505  12593643  12608331  12756931  12929726  12609000  12793074  12631808'
b'   12757832  12593958  12608806  12757514  12930289  12609515  12793450  12632158'
b'   12757447  12593578  12608517  12757349  12930070  12609174  12793210  12631697'
b'   12756936  12593032  12607950  12756911  12929572  12608726  12792549  12631068'
b'   12757451  12593632  12608347  12757308  12929977  12609163  12792909  12631493'
b'   12757621  12593991  12608997  12757825  12930557  12609737  12793441  12631830'
b'   12756023  12592416  12607499  12756482  12929178  12608111  12791948  12630180'
b'   12756642  12593047  12608264  12757227  12929898  12608781  12792582  12630827'
b'   12756206  12592694  12607936  12756947  12929745  12608466  12792135  12630459'
b'   12756369  12592915  12608314  12757372  12929939  12608915  12792377  12630670'
b'   12756534  12593203  12608701  12757688  12930382  12609132  12792582  12630856'
b'   12756737  12593454  12608938  12758020  12930674  12609412  12792864  12630978'
b'   12756602  12593258  12608876  12757936  12930625  12609375  12792607  12630856'
b'   12756238  12593076  12608704  12757790  12930524  12609068  12792347  12630681'
b'   12755895  12592628  12608370  12757557  12930271  12608712  12791970  12630175'
b'   12756188  12593057  12608984  12758000  12930749  12609162  12792341  12630615'
b'   12755116  12592182  12608078  12757116  12929860  12608126  12791431  12629666'
b'   12755878  12593044  12608960  12758041  12930748  12609030  12792214  12630367'
b'   12755878  12593024  12609048  12758125  12930825  12609207  12792150  12630449'
b'   12755952  12592974  12609036  12758199  12930848  12609176  12792186  12630448'
b'   12755577  12592680  12608854  12758061  12930682  12608953  12791888  12630132'
b'   12755713  12592812  12608989  12758303  12931040  12609193  12792051  12630389'
b'   12754458  12591487  12607630  12757053  12929838  12608020  12790823  12628957'
b'   12754744  12591532  12607802  12757501  12930296  12608425  12791354  12629254'
b'   12755111  12592001  12608222  12758092  12930743  12608859  12791536  12629640'
b'   12754143  12590826  12607122  12757037  12929869  12607733  12790511  12628591'
b'   12754535  12591373  12607793  12757708  12930290  12608406  12791174  12629081'
b'   12754172  12590874  12607345  12757332  12929923  12607968  12790723  12628607'
