b'   12397966  12286107  12327263  12469975  12634536  12334974  12473041  12316060'
b'   12440666  12325983  12365895  12510777  12676007  12372312  12514871  12356930'
b'   12523572  12403648  12439963  12588836  12755175  12443792  12598017  12434274'
b'   12555852  12433700  12468017  12618622  12785441  12471258  12630805  12463585'
b'   12576065  12452653  12485615  12637416  12804240  12488739  12650913  12481867'
b'   12588956  12464404  12496510  12649108  12816275  12499825  12663758  12493420'
b'   12598767  12473293  12504700  12657995  12825259  12508045  12673082  12502089'
b'   12607401  12481225  12512227  12666002  12833346  12515721  12681598  12509867'
b'   12613381  12486567  12517296  12671504  12838985  12520841  12687248  12514974'
b'   12619840  12492396  12522852  12677394  12845048  12526553  12693405  12520849'
b'   12624570  12496830  12526874  12681816  12849459  12530705  12697803  12524896'
b'   12628866  12500615  12530499  12685623  12853425  12534328  12701935  12528528'
b'   12632243  12503701  12533396  12688665  12856670  12537227  12705242  12531402'
b'   12636415  12507370  12537071  12692445  12860509  12540907  12708932  12534983'
b'   12640050  12510870  12540347  12695821  12863928  12544232  12712262  12538196'
b'   12642681  12513152  12542567  12698197  12866380  12546360  12714712  12540340'
b'   12645621  12515889  12545157  12700929  12869099  12548942  12717421  12542970'
b'   12647011  12517145  12546285  12702185  12870522  12550057  12718694  12544017'
b'   12649912  12519694  12548858  12704780  12873126  12552486  12721353  12546517'
b'   12653134  12522808  12551806  12707766  12876002  12555432  12724205  12549539'
b'   12654962  12524508  12553449  12709519  12877895  12556965  12725956  12551096'
b'   12656420  12525517  12554394  12710614  12879054  12558050  12726961  12552186'
b'   12657780  12526800  12555559  12711979  12880427  12559219  12728374  12553265'
b'   12660638  12529585  12558305  12714498  12883039  12561644  12731007  12555848'
b'   12661740  12530520  12559162  12715543  12884183  12562604  12731993  12556860'
b'   12663852  12532532  12561091  12717455  12886128  12564403  12733958  12558716'
b'   12664574  12533074  12561653  12717992  12886704  12564875  12734463  12559178'
b'   12666926  12535371  12563945  12720187  12888936  12567048  12736640  12561624'
b'   12667791  12536013  12564479  12720814  12889722  12567559  12737273  12562153'
b'   12669414  12537489  12566039  12722260  12891184  12569021  12738739  12563553'
b'   12671690  12539673  12568130  12724496  12893321  12571113  12740973  12565687'
b'   12672065  12540008  12568461  12724721  12893604  12571276  12741279  12565904'
b'   12673471  12541370  12569754  12726096  12894963  12572445  12742507  12567103'
b'   12673364  12541166  12569499  12726029  12894878  12572187  12742291  12566746'
b'   12675801  12543520  12571848  12728298  12897197  12574449  12744615  12569026'
b'   12677100  12544795  12573174  12729739  12898538  12575644  12745888  12570191'
b'   12678302  12545869  12574235  12730777  12899708  12576732  12746932  12571108'
b'   12678563  12546086  12574485  12731088  12899990  12576829  12747054  12571067'
b'   12680283  12547797  12576039  12732682  12901614  12578443  12748742  12572585'
b'   12679962  12547363  12575741  12732324  12901355  12577963  12748397  12572177'
b'   12681155  12548681  12576949  12733450  12902469  12579111  12749471  12573282'
b'   12682543  12550026  12578283  12734838  12903812  12580389  12750853  12574507'
b'   12683552  12550920  12579344  12735811  12904767  12581249  12751676  12575437'
b'   12683198  12550483  12578710  12735378  12904394  12580646  12751267  12574847'
b'   12684693  12551930  12580151  12736861  12905743  12582026  12752605  12576217'
b'   12685251  12552403  12580736  12737327  12906264  12582521  12753172  12576693'
b'   12686471  12553540  12581775  12738505  12907429  12583466  12754248  12577731'
b'   12686860  12553870  12582051  12738792  12907756  12583778  12754475  12578043'
b'   12688261  12555466  12583458  12740136  12909165  12585097  12756049  12579451'
b'   12689127  12556109  12584420  12740899  12909891  12585813  12756714  12580151'
b'   12690343  12557336  12585412  12742080  12911020  12586785  12757814  12581282'
b'   12690457  12557335  12585386  12742043  12911079  12586780  12757810  12581268'
b'   12691394  12558254  12586361  12742936  12911990  12587633  12758760  12582315'
b'   12691219  12557982  12586183  12742690  12911796  12587247  12758490  12581963'
b'   12692573  12559296  12587405  12744086  12913094  12588525  12759722  12583285'
b'   12694146  12560930  12589031  12745558  12914692  12590186  12761233  12584846'
b'   12694947  12561642  12589867  12746334  12915404  12590830  12761986  12585605'
b'   12694791  12561517  12589666  12746255  12915338  12590682  12761878  12585218'
b'   12695677  12562329  12590456  12747060  12916131  12591312  12762584  12585825'
b'   12696502  12563100  12591305  12747925  12916964  12592212  12763350  12586634'
b'   12696466  12562963  12591134  12747884  12916885  12592008  12763201  12586240'
b'   12695489  12562070  12590328  12747053  12916144  12590954  12762342  12585281'
b'   12696900  12563429  12591528  12748361  12917361  12592287  12763562  12586385'
b'   12697701  12564267  12592425  12749190  12918136  12593032  12764302  12587203'
b'   12697110  12563647  12591895  12748609  12917735  12592496  12763785  12586522'
b'   12698873  12565400  12593647  12750349  12919347  12594179  12765335  12588210'
b'   12698981  12565577  12593740  12750444  12919605  12594183  12765479  12588337'
b'   12699412  12565859  12594039  12750734  12919811  12594484  12765808  12588542'
b'   12698524  12564909  12593087  12749870  12919009  12593501  12764847  12587557'
b'   12699489  12565877  12594052  12750997  12919896  12594453  12765806  12588564'
b'   12700304  12566729  12594860  12751687  12920717  12595181  12766558  12589354'
b'   12700439  12566647  12594896  12751648  12920758  12595186  12766488  12589304'
b'   12701813  12568164  12596307  12752905  12922059  12596359  12767731  12590548'
b'   12702627  12568978  12597203  12753823  12922860  12597246  12768664  12591445'
b'   12702751  12569142  12597371  12753919  12923013  12597411  12768736  12591619'
b'   12703032  12569399  12597511  12754136  12923385  12597528  12768957  12592003'
b'   12703237  12569607  12597608  12754306  12923452  12597602  12769229  12592051'
b'   12703040  12569240  12597352  12754073  12923223  12597317  12768824  12591901'
b'   12704780  12571009  12599145  12755726  12924898  12598891  12770449  12593453'
b'   12704874  12571018  12599051  12755728  12924863  12599001  12770458  12593411'
b'   12703921  12569969  12598081  12754855  12924108  12597937  12769561  12592392'
b'   12704546  12570662  12598670  12755509  12924670  12598548  12770159  12593000'
b'   12706156  12572262  12600500  12757266  12926389  12600206  12771775  12594448'
b'   12704945  12570984  12599229  12755977  12925070  12598970  12770475  12593066'
b'   12706120  12572380  12600433  12757262  12926458  12600073  12771776  12594190'
b'   12706630  12572791  12601026  12757716  12926886  12600578  12772223  12594649'
b'   12706935  12573166  12601279  12758055  12927291  12600983  12772500  12594900'
b'   12707293  12573617  12601742  12758516  12927615  12601332  12772803  12595193'
b'   12706598  12572735  12600791  12757587  12926863  12600439  12772021  12594395'
b'   12706992  12573219  12601267  12758037  12927320  12600798  12772425  12594839'
b'   12708555  12574655  12602871  12759457  12928719  12602302  12773919  12596270'
b'   12707747  12573801  12601959  12758691  12927915  12601360  12773078  12595349'
b'   12707791  12573771  12601942  12758792  12928024  12601449  12773215  12595428'
b'   12708823  12574806  12603045  12759848  12928928  12602348  12774165  12596412'
b'   12708762  12574745  12602782  12759660  12928777  12602190  12773991  12596317'
b'   12709751  12575778  12603915  12760581  12929787  12603236  12775043  12597296'