b'   12076438  11962044  11992039  12049411  12258487  12043222  12188605  12004625'
b'   12116677  11999468  12028137  12087356  12297480  12078379  12228078  12042824'
b'   12194395  12069536  12095722  12158235  12370510  12145329  12305925  12113298'
b'   12224689  12095960  12120944  12184910  12398073  12170871  12336712  12139548'
b'   12243732  12112612  12136791  12201701  12415226  12187124  12355942  12155952'
b'   12254714  12121801  12145632  12211014  12425081  12196287  12366977  12165331'
b'   12262354  12128095  12151528  12217326  12431811  12202492  12374739  12171601'
b'   12270652  12135517  12158726  12224727  12439456  12209769  12382778  12178955'
b'   12276374  12140301  12163312  12229493  12444667  12214707  12388400  12183768'
b'   12280998  12144218  12167204  12233395  12448891  12218505  12392823  12187673'
b'   12285768  12148489  12171244  12237652  12453147  12222664  12397390  12191706'
b'   12288749  12150987  12173571  12240084  12455816  12225063  12400192  12194081'
b'   12292215  12154062  12176516  12243050  12459054  12228079  12403554  12197056'
b'   12295071  12156653  12179037  12245614  12461754  12230571  12406306  12199585'
b'   12298575  12159682  12182109  12248848  12465051  12233732  12409682  12202681'
b'   12301034  12162104  12184450  12251206  12467504  12235940  12412116  12204929'
b'   12303272  12164111  12186371  12253109  12469588  12237903  12414261  12206908'
b'   12305316  12166041  12188242  12254952  12471508  12239852  12416270  12208564'
b'   12306819  12167195  12189427  12256241  12472978  12240956  12417566  12209782'
b'   12308667  12168806  12191137  12257906  12474606  12242497  12419330  12211372'
b'   12308900  12168894  12191041  12257932  12474785  12242490  12419473  12211361'
b'   12310064  12169833  12191992  12258958  12475772  12243397  12420492  12212193'
b'   12314149  12173996  12195988  12262920  12479668  12247281  12424467  12216157'
b'   12313657  12173413  12195255  12262310  12479279  12246632  12424040  12215489'
b'   12314884  12174383  12196345  12263416  12480491  12247661  12425131  12216460'
b'   12315482  12174941  12196886  12264031  12481106  12248018  12425801  12216895'
b'   12317885  12177370  12199248  12266301  12483300  12250262  12428028  12219129'
b'   12317581  12176682  12198592  12265735  12482955  12249675  12427499  12218510'
b'   12319600  12178365  12200143  12267579  12484501  12251250  12429157  12220369'
b'   12321054  12179506  12201177  12268705  12485605  12252319  12430329  12221451'
b'   12321339  12179760  12201368  12269083  12485887  12252421  12430542  12221642'
b'   12321499  12179837  12201381  12269232  12486041  12252349  12430663  12221674'
b'   12322478  12180877  12202520  12270152  12487003  12253334  12431639  12222539'
b'   12323737  12182193  12203903  12271498  12488305  12254586  12432887  12223684'
b'   12323415  12181886  12203736  12271337  12488099  12254283  12432848  12223304'
b'   12324812  12183293  12205141  12272752  12489592  12255768  12434379  12224603'
b'   12325673  12184265  12206135  12273662  12490491  12256451  12435251  12225469'
b'   12326369  12184994  12206798  12274326  12491273  12257117  12435867  12226051'
b'   12326538  12185135  12206959  12274413  12491398  12257214  12435980  12226167'
b'   12328128  12186858  12208575  12276073  12493168  12258914  12437587  12227732'
b'   12328536  12187179  12208999  12276413  12493517  12259111  12437899  12227928'
b'   12328156  12186634  12208544  12275897  12493170  12258638  12437450  12227345'
b'   12329405  12188020  12209792  12277224  12494423  12259869  12438727  12228674'
b'   12329640  12188413  12210311  12277417  12495014  12260395  12439158  12228842'
b'   12330801  12189696  12211635  12278723  12496194  12261559  12440358  12229972'
b'   12331032  12189787  12211662  12278884  12496504  12261859  12440632  12230154'
b'   12332518  12191260  12213112  12280214  12498142  12263172  12442156  12231526'
b'   12331961  12190881  12212823  12279816  12497878  12262682  12441677  12230967'
b'   12333079  12191896  12213854  12280853  12498899  12263695  12442638  12231897'
b'   12333320  12192012  12214070  12281114  12499022  12263753  12442797  12232122'
b'   12333397  12191727  12213668  12281084  12498861  12263600  12442672  12231973'
b'   12334986  12193383  12215132  12282735  12500337  12265086  12444271  12233474'
b'   12335359  12193427  12215321  12282979  12500583  12265183  12444384  12233668'
b'   12334978  12192903  12214688  12282589  12500057  12264479  12443963  12233295'
b'   12335649  12193266  12214956  12283005  12500327  12264793  12444305  12233710'
b'   12335053  12192529  12214283  12282397  12499684  12264082  12443498  12233045'
b'   12335246  12192814  12214421  12282627  12499760  12264107  12443609  12233035'
b'   12336378  12194148  12215789  12283953  12501020  12265454  12444940  12234295'
b'   12336735  12194583  12216333  12284217  12501349  12265773  12445238  12234537'
b'   12337612  12195468  12217157  12285132  12502223  12266539  12446134  12235433'
b'   12337352  12195388  12217107  12284924  12502030  12266386  12445911  12235085'
b'   12338830  12196837  12218608  12286379  12503528  12267741  12447404  12236458'
b'   12338647  12196746  12218350  12286345  12503316  12267559  12447171  12236278'
b'   12339025  12197090  12218810  12286600  12503787  12267924  12447556  12236538'
b'   12338820  12196904  12218814  12286440  12503744  12267849  12447416  12236366'
b'   12339298  12197410  12219332  12287046  12504263  12268313  12448093  12236782'
b'   12339421  12197627  12219469  12287000  12504436  12268383  12448163  12236840'
b'   12339355  12197411  12219481  12286941  12504371  12268330  12448144  12236616'
b'   12339539  12197904  12219934  12287375  12504859  12268694  12448518  12236927'
b'   12339936  12198353  12220447  12287772  12505439  12269166  12449113  12237321'
b'   12340102  12198776  12220819  12288080  12505902  12269615  12449386  12237542'
b'   12340195  12198871  12221080  12288120  12506091  12269752  12449558  12237635'
b'   12340675  12199224  12221317  12288492  12506546  12270211  12449960  12238029'
b'   12340083  12198515  12220599  12287901  12506026  12269452  12449392  12237519'
b'   12340688  12198941  12221042  12288584  12506665  12269977  12449768  12237967'
b'   12341417  12199337  12221384  12289144  12507002  12270404  12450191  12238542'
b'   12341903  12199679  12221691  12289576  12507316  12270642  12450524  12238970'
b'   12342501  12200220  12222067  12290071  12507830  12270975  12450924  12239467'
b'   12342825  12200255  12222024  12290232  12507891  12271028  12450969  12239584'
b'   12343049  12200258  12221965  12290497  12507747  12270911  12450908  12239696'
b'   12342097  12199191  12220888  12289555  12506717  12269844  12449869  12238577'
b'   12341558  12198764  12220498  12289077  12506266  12269304  12449493  12238035'
b'   12342403  12199713  12221507  12289938  12507106  12270195  12450219  12238825'
b'   12342313  12199817  12221565  12289873  12507246  12270198  12450203  12238828'
b'   12342084  12199506  12221495  12289819  12507040  12270016  12449985  12238508'
b'   12343110  12200644  12222581  12290758  12507895  12271012  12451114  12239588'
b'   12343710  12201371  12223260  12291424  12508580  12271660  12451712  12240059'
b'   12344414  12202150  12224006  12292177  12509287  12272504  12452563  12240854'
b'   12344004  12201887  12223840  12291849  12509041  12272045  12452229  12240423'
b'   12345242  12203180  12225246  12293169  12510326  12273428  12453494  12241681'
b'   12344706  12202658  12224712  12292587  12509965  12272904  12453062  12241124'
b'   12345050  12202942  12225119  12292872  12510338  12273277  12453433  12241382'
b'   12343982  12202215  12224175  12291962  12509604  12272391  12452511  12240466'
b'   12345545  12203717  12226053  12293575  12511124  12274031  12454223  12242017'
b'   12345498  12203789  12226037  12293610  12511392  12274169  12454287  12241968'
b'   12345452  12203980  12226363  12293637  12511665  12274473  12454558  12242039'
b'   12346681  12205121  12227506  12294929  12512891  12275683  12455618  12243217'
b'   12345215  12203678  12225926  12293351  12511540  12274091  12454157  12241618'
b'   12346353  12204510  12226756  12294475  12512570  12275146  12455147  12242777'
b'   12346614  12204684  12226795  12294708  12512710  12275242  12455176  12242933'
b'   12346425  12204042  12226264  12294264  12512338  12274719  12454754  12242526'
b'   12345652  12203345  12225496  12293565  12511602  12273867  12453952  12241830'
b'   12346082  12203321  12225356  12294077  12511599  12273901  12453939  12242053'
b'   12346999  12204085  12226044  12294806  12512267  12274583  12454619  12242915'
b'   12346764  12203828  12225740  12294650  12511967  12274086  12454322  12242647'
b'   12347290  12204239  12226194  12295056  12512297  12274560  12454742  12243059'
b'   12347546  12204618  12226713  12295453  12512536  12274849  12455029  12243231'
b'   12346859  12204149  12226178  12294865  12511940  12274152  12454342  12242610'
b'   12346355  12203586  12225693  12294333  12511405  12273647  12453881  12241962'
b'   12346835  12204189  12226303  12294936  12512066  12274222  12454421  12242585'
b'   12347075  12204582  12226659  12295177  12512240  12274576  12454866  12242739'
b'   12347801  12205410  12227589  12296079  12513049  12275395  12455627  12243568'
b'   12347047  12204537  12226639  12295177  12512203  12274503  12454781  12242612'
b'   12347151  12204753  12226945  12295311  12512367  12274690  12454985  12242737'
b'   12347711  12205360  12227528  12295841  12513068  12275249  12455589  12243252'
b'   12346978  12204620  12226888  12295285  12512535  12274667  12454928  12242565'
b'   12348457  12206329  12228581  12296882  12514019  12276255  12456447  12244169'
b'   12348475  12206429  12228861  12296921  12514289  12276486  12456702  12244197'
b'   12349324  12207530  12229863  12297814  12515236  12277546  12457615  12245087'
b'   12348129  12206411  12228997  12296758  12514451  12276396  12456646  12244042'
b'   12349321  12207759  12230359  12297986  12515792  12277763  12458059  12245320'
b'   12349614  12207998  12230653  12298356  12516219  12278212  12458351  12245716'
b'   12348620  12206883  12229408  12297216  12515328  12277127  12457301  12244639'
b'   12349720  12207985  12230468  12298460  12516405  12278278  12458363  12245669'
b'   12349605  12207601  12230049  12298189  12516227  12277877  12458158  12245506'
b'   12350748  12208522  12230937  12299197  12517081  12278863  12458903  12246551'
b'   12349411  12206985  12229367  12297853  12515637  12277282  12457441  12245032'
b'   12348584  12205964  12228212  12296903  12514679  12276167  12456395  12244154'
b'   12349927  12206916  12229139  12298172  12515485  12277065  12457186  12245246'
b'   12348919  12205795  12227905  12297121  12514317  12275903  12456107  12244152'
b'   12348841  12205749  12227824  12297029  12514262  12275717  12456015  12243951'
b'   12349766  12206805  12228975  12297958  12515057  12276784  12456878  12244942'
b'   12350459  12207741  12229863  12298873  12515763  12277385  12457660  12245646'
b'   12350679  12207980  12230227  12299065  12516071  12277795  12457917  12245862'
b'   12349939  12207167  12229535  12298400  12515314  12276877  12457208  12245050'
b'   12349877  12207226  12229456  12298323  12515298  12276825  12457143  12245007'
b'   12351065  12208489  12230723  12299647  12516496  12278163  12458457  12246244'
b'   12350218  12207594  12230087  12298758  12515635  12277220  12457616  12245309'
b'   12351170  12208629  12230943  12299797  12516591  12278349  12458621  12246272'
b'   12350066  12207604  12229862  12298643  12515665  12277150  12457637  12245084'
b'   12350295  12207972  12230311  12298902  12516040  12277702  12457996  12245429'
b'   12349983  12207692  12230205  12298733  12515768  12277353  12457763  12245147'
b'   12350260  12207993  12230440  12298876  12516132  12277761  12458084  12245423'
b'   12350415  12208348  12230940  12299186  12516619  12278228  12458572  12245665'
b'   12351366  12209578  12232239  12300199  12517876  12279400  12459805  12246726'
b'   12351529  12209728  12232479  12300389  12518207  12279718  12460035  12246877'
b'   12351508  12209830  12232555  12300377  12518215  12279794  12460127  12246895'
b'   12351419  12209512  12232090  12300226  12518198  12279616  12459909  12246826'
b'   12351058  12208927  12231426  12299724  12517786  12279023  12459282  12246311'
b'   12349898  12207585  12230174  12298567  12516819  12277794  12458146  12245195'
b'   12350411  12208010  12230576  12299143  12517045  12278182  12458420  12245657'
b'   12351488  12208690  12231022  12300021  12517746  12278798  12458914  12246409'
b'   12351873  12208794  12231164  12300352  12517961  12278865  12459049  12246789'
b'   12351402  12208233  12230499  12299925  12517270  12278250  12458406  12246206'
b'   12351950  12208802  12230776  12300185  12517315  12278354  12458806  12246780'
b'   12351944  12208951  12230550  12299841  12516986  12278275  12459543  12247101'
b'   12352317  12209301  12231289  12300448  12517378  12278685  12459729  12247284'
b'   12352032  12209331  12231033  12299954  12516937  12278445  12459726  12246927'
b'   12352993  12210544  12231868  12300587  12517443  12279272  12461646  12248532'
b'   12352357  12209816  12231572  12300278  12517338  12278735  12459972  12247158'
b'   12351802  12209541  12231049  12299750  12516573  12278211  12459832  12246720'
b'   12352259  12209981  12231669  12300261  12517022  12278646  12460000  12246855'
b'   12353739  12211867  12232950  12301127  12517960  12279896  12461953  12248485'
b'   12353172  12212101  12232329  12299674  12516576  12278930  12462001  12247847'
b'   12354230  12213358  12233499  12300410  12517270  12279928  12463309  12249059'
b'   12355574  12215305  12235008  12301284  12517841  12280995  12464605  12250052'
b'   12356421  12216487  12235197  12300607  12517385  12280806  12465541  12251055'
b'   12358210  12218602  12236876  12301471  12518208  12281917  12467227  12252894'
b'   12360537  12221410  12238818  12302264  12518977  12283066  12469222  12254912'
b'   12362359  12222654  12239122  12302646  12519693  12283334  12470157  12256973'
b'   12364104  12224260  12239982  12302775  12519991  12283782  12471514  12258971'
b'   12365423  12225433  12240775  12303218  12520505  12284295  12472357  12260119'
b'   12365790  12225766  12240787  12302678  12519783  12283998  12472485  12260220'
b'   12365465  12225688  12241160  12302814  12519918  12284329  12472242  12259175'
b'   12365481  12225848  12241513  12303100  12519996  12284431  12471843  12258571'
b'   12365994  12225687  12241025  12302932  12519731  12283947  12471683  12259431'
b'   12362626  12222384  12238581  12302057  12519113  12282761  12469386  12256235'
b'   12358554  12218743  12237985  12302463  12518967  12282009  12465688  12251530'
b'   12357270  12217687  12237593  12302016  12518400  12281382  12464440  12250298'
b'   12356198  12216079  12237120  12302405  12518727  12281168  12463419  12249696'
b'   12357213  12217932  12238885  12303654  12519560  12282344  12464255  12250210'
b'   12355805  12215977  12237234  12302924  12518979  12281316  12463013  12249411'
b'   12354966  12215042  12236604  12302289  12518480  12280679  12462268  12248519'
b'   12355259  12215916  12237379  12302622  12518458  12280581  12462204  12248232'
b'   12355461  12217918  12240371  12303990  12519383  12281806  12463060  12248695'
b'   12357796  12221453  12244204  12306665  12521032  12283992  12464975  12250331'
b'   12358409  12223229  12245647  12306963  12521192  12284029  12465334  12250357'
b'   12359247  12225060  12246748  12307285  12521080  12284010  12465251  12250162'
b'   12360177  12226634  12247666  12307225  12521001  12283723  12465578  12250301'
b'   12360287  12227508  12248645  12306956  12519998  12282888  12464931  12249743'
b'   12361054  12229211  12251387  12308596  12521021  12283858  12465486  12250363'
b'   12361137  12230000  12252005  12308501  12520534  12283208  12464839  12249764'
b'   12364934  12234523  12255092  12310247  12522118  12284530  12466351  12251828'
b'   12365721  12235769  12255293  12309827  12521764  12283845  12465992  12251330'
b'   12366299  12236147  12255223  12310010  12522627  12284570  12466869  12252471'
b'   12367517  12237647  12256059  12309846  12522258  12284189  12466664  12252571'
b'   12369101  12238503  12255945  12309453  12522115  12283761  12466499  12252938'
b'   12372053  12241281  12257852  12310882  12523224  12284622  12467521  12254350'
b'   12374314  12242330  12257152  12310499  12523546  12284730  12468071  12255585'
b'   12376346  12243461  12257636  12310741  12523621  12285101  12468624  12256768'
b'   12375433  12243224  12257207  12310350  12522499  12283492  12467020  12255388'
b'   12374777  12241583  12255415  12309234  12521935  12282868  12466604  12255316'
b'   12375993  12242372  12256079  12309746  12521943  12282917  12466810  12255897'
b'   12374631  12241119  12254959  12309006  12520533  12281186  12465000  12254467'
b'   12376402  12242992  12255946  12309525  12520845  12281293  12465314  12255050'
b'   12377374  12242705  12254591  12308480  12520360  12280912  12465038  12255371'
b'   12378145  12242394  12253612  12307805  12520233  12280759  12465197  12255758'
b'   12378490  12240971  12251175  12305950  12519029  12279895  12464651  12255607'
b'   12379751  12241624  12251244  12306215  12519444  12280188  12465086  12256307'
b'   12381298  12242017  12250784  12305712  12519281  12280052  12465331  12257158'
b'   12381721  12240401  12248239  12304570  12519042  12279682  12465410  12257627'
b'   12383097  12242033  12250012  12306018  12520272  12280882  12466379  12258571'
b'   12384469  12243409  12251113  12306145  12519899  12280965  12466721  12259346'
b'   12384132  12243171  12251057  12305656  12519245  12280140  12466071  12258791'
b'   12384395  12243380  12251117  12305926  12519524  12280091  12466179  12259134'
b'   12386480  12246538  12254737  12307535  12520561  12281408  12467518  12260497'
b'   12385507  12247133  12256278  12308200  12520562  12281188  12466989  12259947'
b'   12385946  12248649  12257854  12309193  12521576  12282288  12468098  12260751'
b'   12385759  12248540  12258204  12309414  12522218  12282829  12468629  12260912'
b'   12385451  12248673  12258796  12309799  12522482  12283208  12468958  12261028'
b'   12384685  12248825  12259714  12310253  12522398  12282955  12468458  12260398'
b'   12384014  12248851  12260556  12310793  12522781  12283489  12468810  12260613'
b'   12383863  12249547  12262249  12312320  12523497  12284001  12469031  12260785'
b'   12383599  12249373  12262165  12312291  12523551  12283895  12468866  12260507'
b'   12381836  12248036  12261232  12311592  12522396  12282618  12467412  12259073'
b'   12384457  12250373  12263547  12314079  12524737  12284988  12469804  12261568'
b'   12383414  12249071  12262226  12313193  12523422  12283453  12468225  12260091'
b'   12382881  12248933  12262622  12313412  12523253  12283351  12467964  12259852'
b'   12381367  12248015  12262322  12313401  12522622  12282439  12467148  12258703'
b'   12380943  12247911  12262666  12313520  12522561  12282547  12467078  12258456'
b'   12380220  12247565  12262738  12313290  12522092  12282172  12466623  12257858'
b'   12382291  12249879  12265096  12315482  12523833  12283912  12468434  12259774'
b'   12382126  12249815  12265090  12315392  12523679  12283833  12468303  12259608'
b'   12382333  12249999  12265101  12315377  12523967  12284240  12468599  12259896'
b'   12382012  12249980  12265429  12315925  12524152  12284293  12468600  12259667'
b'   12381452  12249644  12265464  12315639  12523642  12283799  12468215  12259110'
b'   12382592  12251185  12267302  12317031  12524659  12284855  12469077  12259923'
b'   12382974  12251668  12267626  12317293  12524789  12285105  12469284  12260285'
b'   12382200  12251134  12267537  12316891  12524081  12284330  12468663  12259516'
b'   12383315  12252430  12268953  12318278  12525346  12285552  12469718  12260737'
b'   12383411  12252611  12269135  12318021  12525124  12285222  12469422  12260351'
b'   12383793  12253564  12270570  12319345  12526019  12286413  12470335  12261152'
b'   12382170  12252153  12269156  12317915  12524703  12284704  12468795  12259507'
b'   12383678  12253876  12270908  12319538  12526493  12286492  12470429  12261186'
b'   12383588  12253787  12270834  12319109  12526691  12286488  12470576  12260991'
b'   12383788  12253725  12270701  12319257  12527131  12286623  12470726  12261228'
b'   12384150  12254375  12271778  12320142  12527898  12287595  12471446  12261949'
b'   12383875  12254196  12271638  12320297  12528142  12287569  12471340  12261879'
b'   12383551  12253328  12270568  12319729  12528164  12287502  12471178  12261756'
b'   12382962  12252698  12270143  12319224  12527491  12286680  12470574  12261078'
b'   12382891  12252712  12270060  12319347  12527239  12286244  12470049  12260833'
b'   12382813  12252180  12269450  12319206  12526559  12285535  12469280  12260240'
b'   12383064  12252228  12269717  12319605  12526634  12285740  12469469  12260532'
b'   12382591  12251767  12269198  12319386  12526304  12285451  12469030  12260228'
b'   12382788  12251970  12269437  12319583  12526344  12285621  12469372  12260437'
b'   12382719  12252322  12269852  12319845  12526201  12285289  12469067  12260125'
b'   12383596  12253083  12270629  12320513  12526880  12286304  12470208  12261094'
b'   12383119  12252966  12270821  12320589  12526685  12286066  12469872  12260775'
b'   12382635  12252392  12270349  12320116  12526250  12285679  12469728  12260397'
b'   12383130  12252937  12270989  12320717  12526794  12286327  12470261  12260881'
b'   12383382  12253685  12272153  12321779  12527220  12286884  12470643  12261158'
b'   12382927  12253438  12272195  12321782  12527170  12286576  12470290  12260617'
b'   12382955  12253508  12272300  12321849  12527436  12286823  12470536  12260831'
b'   12383089  12253916  12272811  12322353  12527872  12287300  12471008  12261208'
b'   12383117  12253913  12272849  12322463  12528013  12287410  12471193  12261223'
b'   12382501  12253437  12272597  12321987  12527432  12286764  12470303  12260367'
b'   12383295  12254526  12273910  12322923  12528309  12287706  12471256  12261338'
b'   12382789  12254475  12274295  12323609  12528893  12288237  12471567  12261395'
b'   12383273  12255114  12275024  12323938  12529456  12288728  12472101  12261782'
b'   12383121  12255496  12276092  12324787  12530344  12289216  12472549  12261789'
b'   12382558  12254891  12275328  12324091  12529964  12288807  12471898  12261300'
b'   12382757  12254997  12275661  12324433  12530509  12288956  12471949  12261259'
b'   12383227  12255253  12275755  12324940  12530877  12289460  12472356  12261766'
b'   12383328  12255300  12275880  12325343  12531182  12289409  12472216  12261702'
b'   12381309  12252971  12273527  12323803  12530350  12288896  12471594  12260937'
b'   12380003  12252307  12273926  12324512  12530210  12288230  12470787  12259976'
b'   12374611  12244429  12265281  12319100  12529352  12288725  12471454  12259862'
b'   12362958  12222366  12244520  12311618  12528554  12288549  12470848  12258218'
b'   12361336  12218767  12241382  12310407  12527901  12287927  12469846  12257544'
b'   12361087  12217723  12240663  12310455  12527891  12288188  12469741  12257485'
b'   12361000  12217311  12240396  12310552  12528047  12288312  12469829  12257581'
b'   12360183  12216382  12239561  12309966  12527224  12287548  12469160  12256780'
b'   12359693  12215755  12239009  12309498  12526784  12287128  12468602  12256220'
b'   12360124  12216080  12239493  12309972  12527194  12287636  12469035  12256648'
b'   12359645  12215804  12239150  12309668  12526882  12287381  12468801  12256412'
b'   12359693  12215681  12239294  12309750  12526960  12287433  12468821  12256360'
b'   12359304  12215384  12238906  12309370  12526680  12286984  12468404  12255888'
b'   12359797  12215916  12239485  12309878  12527201  12287611  12469024  12256414'
b'   12360039  12216134  12239795  12310210  12527431  12287804  12469278  12256649'
b'   12360134  12216452  12240003  12310321  12527560  12288034  12469311  12256608'
b'   12359575  12215847  12239431  12309725  12527247  12287588  12468825  12256090'
b'   12360185  12216649  12240222  12310458  12528112  12288357  12469461  12256748'
b'   12359861  12216515  12240239  12310219  12528158  12288297  12469390  12256433'
b'   12359570  12216509  12240302  12310109  12528326  12288465  12469423  12256265'
b'   12359884  12216836  12240779  12310462  12528921  12288885  12469858  12256641'
b'   12359890  12216965  12240902  12310431  12528935  12288922  12469827  12256679'
b'   12360533  12217309  12241085  12310787  12529316  12289150  12470223  12257266'
b'   12360130  12216813  12240508  12310410  12528752  12288630  12469696  12256763'
b'   12360663  12217092  12240777  12310763  12529059  12288763  12469801  12257149'
b'   12360293  12216704  12240277  12310498  12528757  12288419  12469474  12256678'
