b'   12041182  11918859  11940737  11970192  12189632  11992927  12148444  11962238'
b'   12084320  11958735  11979367  12010648  12230962  12030527  12190364  12002547'
b'   12158922  12025070  12042627  12077830  12300176  12093337  12264385  12068633'
b'   12190983  12052978  12069547  12106278  12329361  12120579  12296837  12096322'
b'   12207468  12066957  12082542  12120354  12344058  12134203  12313455  12109860'
b'   12220065  12077569  12092960  12131368  12355452  12144936  12326066  12120614'
b'   12229487  12085850  12100793  12139535  12364084  12153126  12335543  12128599'
b'   12235899  12091151  12105870  12145068  12369764  12158444  12341782  12133773'
b'   12242102  12096515  12110989  12150531  12375534  12163918  12347854  12139095'
b'   12247200  12100850  12115176  12154851  12380086  12168171  12352754  12143414'
b'   12251194  12104419  12118650  12158451  12383788  12171648  12356637  12146669'
b'   12253629  12106351  12120458  12160425  12385896  12173547  12358973  12148539'
b'   12257037  12109292  12123307  12163434  12389188  12176557  12362208  12151482'
b'   12259586  12111536  12125616  12165767  12391528  12178726  12364672  12153656'
b'   12262023  12113656  12127511  12167626  12393715  12180725  12367003  12155493'
b'   12264047  12115393  12129248  12169407  12395667  12182420  12368740  12157256'
b'   12266587  12117901  12131688  12171933  12398191  12184810  12371459  12159616'
b'   12267794  12118865  12132569  12172818  12399269  12185792  12372610  12160392'
b'   12269709  12120615  12134327  12174580  12401113  12187461  12374367  12162037'
b'   12272290  12122889  12136476  12176845  12403369  12189618  12376723  12164211'
b'   12274131  12124570  12138357  12178692  12405236  12191295  12378554  12165915'
b'   12274795  12125262  12138818  12179188  12405919  12191707  12379175  12166416'
b'   12276462  12126760  12140354  12180675  12407501  12193205  12380759  12167746'
b'   12278491  12128534  12142266  12182552  12409348  12194992  12382668  12169661'
b'   12279739  12129826  12143401  12183741  12410571  12196123  12383879  12170571'
b'   12280946  12130938  12144510  12184856  12411761  12197161  12385015  12171713'
b'   12282265  12132079  12145652  12186092  12412904  12198184  12386170  12172726'
b'   12282414  12132247  12145665  12186207  12413134  12198197  12386333  12172789'
b'   12283811  12133491  12146918  12187511  12414526  12199532  12387672  12173938'
b'   12284757  12134327  12147869  12188369  12415363  12200267  12388540  12174806'
b'   12284924  12134368  12147729  12188252  12415427  12200236  12388565  12174679'
b'   12287106  12136511  12149880  12190535  12417630  12202358  12390817  12176845'
b'   12288070  12137577  12150788  12191489  12418583  12203309  12391674  12177774'
b'   12288254  12137487  12150802  12191540  12418723  12203181  12391637  12177653'
b'   12289526  12138717  12152098  12192830  12419828  12204335  12392888  12178798'
b'   12290714  12139921  12153219  12194010  12421081  12205407  12394093  12179834'
b'   12291612  12140834  12154065  12194863  12421969  12206273  12394915  12180619'
b'   12291132  12140189  12153490  12194226  12421495  12205665  12394465  12180067'
b'   12291255  12140269  12153494  12194268  12421519  12205558  12394452  12179909'
b'   12292923  12141895  12155122  12195971  12423157  12207153  12396036  12181572'
b'   12292047  12140915  12154253  12194993  12422288  12206145  12395203  12180500'
b'   12293606  12142691  12155891  12196647  12423911  12207728  12396809  12182139'
b'   12294181  12143192  12156445  12197217  12424448  12208239  12397269  12182491'
b'   12293534  12142500  12155840  12196667  12423961  12207577  12396815  12181770'
b'   12294635  12143533  12156877  12197601  12424915  12208473  12397719  12182803'
b'   12294707  12143527  12156862  12197642  12424945  12208412  12397792  12182590'
b'   12296833  12145865  12159210  12199807  12427145  12210549  12399961  12184802'
b'   12296907  12145738  12158963  12199700  12427134  12210428  12399868  12184776'
b'   12296895  12145743  12159139  12199851  12427226  12210614  12399893  12184723'
b'   12297621  12146640  12159934  12200686  12428078  12211279  12400696  12185481'
b'   12299062  12147969  12161252  12202070  12429416  12212653  12402038  12186754'
b'   12299136  12148047  12161252  12202101  12429443  12212529  12402066  12186762'
b'   12298716  12147408  12160671  12201577  12428989  12211984  12401455  12186163'
b'   12299441  12148124  12161346  12202308  12429715  12212714  12402222  12186914'
b'   12300383  12148998  12162260  12203324  12430569  12213587  12403186  12187657'
b'   12301202  12149831  12163065  12204099  12431447  12214401  12403887  12188469'
b'   12301654  12150086  12163300  12204403  12431733  12214702  12404237  12188715'
b'   12301139  12149612  12162856  12203989  12431352  12214070  12403812  12188137'
b'   12302027  12150570  12163879  12204899  12432325  12215085  12404666  12189019'
b'   12300226  12148702  12161952  12203034  12430464  12213054  12402915  12187028'
b'   12302660  12151121  12164490  12205460  12432883  12215495  12405288  12189515'
b'   12302678  12151196  12164375  12205517  12432903  12215427  12405268  12189378'
b'   12302724  12151299  12164463  12205700  12432987  12215467  12405384  12189553'
b'   12303622  12152132  12165435  12206446  12433912  12216301  12406270  12190338'
b'   12302587  12151126  12164325  12205434  12432966  12215323  12405197  12189314'
b'   12304210  12152721  12165993  12207016  12434448  12216784  12406722  12190757'
b'   12305023  12153496  12166649  12207828  12435240  12217608  12407471  12191511'
b'   12304853  12153373  12166618  12207747  12435118  12217475  12407384  12191401'
b'   12304817  12153438  12166590  12207788  12435100  12217408  12407410  12191335'
b'   12304991  12153472  12166830  12208016  12435428  12217530  12407625  12191509'
b'   12306040  12154612  12167946  12208902  12436434  12218524  12408567  12192441'
b'   12305422  12153950  12167275  12208249  12435800  12217869  12407973  12191684'
b'   12304934  12153342  12166755  12207786  12435394  12217256  12407406  12191218'
b'   12306109  12154614  12167786  12208924  12436500  12218423  12408604  12192253'
b'   12306323  12154719  12168011  12209052  12436676  12218500  12408641  12192410'
b'   12307737  12156082  12169457  12210498  12438033  12219978  12410086  12193811'
b'   12307650  12155982  12169275  12210488  12438006  12219850  12409984  12193725'
b'   12306331  12154623  12167769  12209056  12436732  12218373  12408641  12192254'
b'   12307566  12155994  12169264  12210496  12437973  12219730  12409976  12193587'
b'   12307739  12155938  12169322  12210550  12438070  12219884  12409979  12193622'
b'   12307304  12155645  12168984  12210229  12437802  12219334  12409702  12193276'
b'   12307938  12156205  12169459  12210751  12438296  12219883  12410175  12193627'
b'   12307678  12155891  12169136  12210559  12438048  12219666  12409817  12193392'
b'   12307181  12155314  12168608  12209977  12437637  12219090  12409361  12192797'
b'   12308766  12156944  12170241  12211624  12438932  12220542  12410874  12194341'
b'   12308437  12156625  12169992  12211196  12438765  12220398  12410536  12194076'
b'   12310121  12158362  12171672  12212950  12440396  12221906  12412101  12195537'
b'   12308995  12157227  12170608  12211798  12439406  12220795  12411062  12194467'
b'   12309843  12158076  12171504  12212702  12440220  12221702  12411961  12195422'
b'   12309386  12157646  12171099  12212287  12439893  12221202  12411403  12194887'
b'   12308314  12156528  12169958  12211223  12438864  12220088  12410522  12193767'
b'   12310026  12158284  12171682  12212908  12440420  12221768  12412134  12195488'
b'   12310573  12158872  12172285  12213572  12441020  12222299  12412653  12195983'
b'   12311656  12160029  12173394  12214548  12442110  12223312  12413579  12196990'
b'   12310350  12158786  12172174  12213464  12440906  12222127  12412567  12195799'
b'   12310519  12158842  12172259  12213545  12441081  12222252  12412614  12195831'
b'   12310795  12159012  12172594  12213748  12441359  12222418  12412811  12196112'
b'   12311225  12159496  12172924  12214131  12441748  12222827  12413300  12196485'
b'   12311210  12159522  12172902  12214342  12441910  12222904  12413311  12196538'
b'   12310967  12159113  12172693  12213981  12441511  12222561  12412953  12196172'
b'   12310750  12158808  12172263  12213658  12441310  12222256  12412727  12195891'
b'   12310295  12158460  12171827  12213311  12440897  12221658  12412220  12195279'
b'   12311742  12159834  12173124  12214687  12442278  12223150  12413581  12196725'
b'   12312015  12160055  12173341  12214974  12442550  12223367  12413864  12196966'
b'   12312587  12160572  12174068  12215532  12442963  12223851  12414411  12197481'
b'   12312273  12160467  12173870  12215381  12442901  12223698  12414189  12197195'
b'   12312388  12160394  12173868  12215356  12442894  12223655  12414136  12197268'
b'   12312373  12160458  12173957  12215443  12442914  12223709  12414228  12197273'
b'   12312956  12160901  12174397  12215971  12443369  12224264  12414713  12197778'
b'   12312816  12160850  12174389  12215833  12443316  12224060  12414633  12197720'
b'   12312887  12161026  12174551  12215876  12443512  12224196  12414781  12197802'
b'   12312569  12160655  12174247  12215694  12443219  12223932  12414423  12197412'
b'   12312583  12160586  12174158  12215625  12443305  12223800  12414442  12197324'
b'   12313649  12161788  12175211  12216781  12444241  12224872  12415545  12198425'
b'   12312850  12160912  12174354  12215970  12443470  12224079  12414565  12197433'
b'   12313105  12161187  12174720  12216279  12443819  12224278  12414825  12197796'
b'   12312947  12161014  12174628  12216175  12443722  12224177  12414860  12197689'
b'   12313529  12161605  12175238  12216680  12444239  12224741  12415396  12198260'
b'   12313452  12161551  12175170  12216623  12444194  12224607  12415290  12198160'
b'   12314049  12162156  12175810  12217265  12444891  12225286  12415834  12198782'
b'   12313554  12161593  12175120  12216668  12444307  12224682  12415344  12198108'
b'   12314326  12162328  12175852  12217464  12444954  12225305  12415997  12198830'
b'   12314380  12162457  12175842  12217525  12445009  12225436  12416033  12198911'
b'   12314886  12162911  12176439  12217948  12445521  12225981  12416569  12199380'
b'   12315175  12163141  12176733  12218456  12445839  12226351  12416946  12199722'
b'   12314769  12162686  12176278  12217980  12445479  12225866  12416508  12199343'
b'   12314156  12162092  12175599  12217360  12444929  12225135  12415816  12198646'
b'   12314729  12162543  12176130  12217818  12445396  12225689  12416286  12199070'
b'   12314418  12162190  12175684  12217550  12445225  12225278  12416016  12198782'
b'   12314730  12162523  12176286  12217952  12445521  12225643  12416463  12199178'
b'   12315456  12163375  12176993  12218595  12446331  12226419  12417068  12199828'
b'   12316199  12164026  12177565  12219348  12446890  12227068  12417760  12200569'
b'   12315111  12162984  12176583  12218325  12445955  12226021  12416684  12199449'
b'   12316107  12164110  12177613  12219378  12447031  12227099  12417831  12200484'
b'   12315902  12163909  12177565  12219204  12446843  12226939  12417599  12200279'
b'   12315604  12163614  12177281  12218970  12446588  12226569  12417320  12200073'
b'   12316336  12164266  12177948  12219694  12447176  12227244  12417896  12200643'
b'   12316032  12164003  12177533  12219319  12446963  12226961  12417650  12200358'
b'   12315336  12163352  12177028  12218785  12446440  12226348  12417116  12199733'
b'   12316002  12163955  12177544  12219342  12446935  12226904  12417690  12200213'
b'   12316232  12164264  12177863  12219704  12447234  12227282  12417898  12200588'
b'   12316356  12164350  12178000  12219701  12447270  12227295  12418081  12200603'
b'   12315830  12163852  12177504  12219249  12446820  12226709  12417640  12200176'
b'   12316276  12164252  12177903  12219651  12447381  12227154  12417943  12200487'
b'   12315902  12163824  12177634  12219370  12447021  12226811  12417585  12200205'
b'   12316358  12164370  12177971  12219725  12447330  12227263  12417969  12200522'
b'   12316264  12164162  12177717  12219670  12447293  12227089  12417855  12200391'
b'   12316068  12163989  12177591  12219432  12447135  12226953  12417669  12200335'
b'   12316523  12164452  12178120  12220012  12447540  12227446  12418318  12200767'
b'   12317051  12164891  12178477  12220433  12447934  12227864  12418624  12201192'
b'   12316218  12163993  12177604  12219538  12447204  12226878  12417718  12200261'
b'   12316857  12164582  12178205  12220290  12447854  12227542  12418466  12200907'
b'   12316774  12164555  12178101  12220074  12447693  12227438  12418292  12200729'
b'   12317388  12165165  12178780  12220741  12448248  12227992  12418916  12201364'
b'   12316608  12164489  12178084  12220042  12447643  12227186  12418242  12200625'
b'   12316096  12163873  12177513  12219415  12447034  12226726  12417705  12200037'
b'   12317643  12165502  12179328  12221186  12448663  12228375  12419193  12201699'
b'   12317462  12165420  12179099  12221032  12448514  12228270  12419102  12201544'
b'   12316107  12163923  12177676  12219649  12447290  12226783  12417699  12200101'
b'   12317447  12165274  12178890  12220814  12448349  12228098  12418905  12201283'
b'   12316649  12164501  12178140  12220163  12447745  12227400  12418125  12200626'
b'   12317472  12165263  12178898  12220851  12448558  12228070  12418942  12201345'
b'   12317875  12165690  12179444  12221416  12448909  12228531  12419327  12201709'
b'   12316722  12164683  12178384  12220346  12447994  12227408  12418309  12200626'
b'   12317045  12165089  12178689  12220672  12448304  12227847  12418698  12201027'
b'   12317213  12165096  12178795  12220714  12448365  12227853  12418709  12201124'
b'   12317892  12165682  12179465  12221362  12448973  12228538  12419376  12201700'
b'   12317873  12165872  12179619  12221469  12449081  12228528  12419439  12201711'
b'   12317845  12165621  12179362  12221278  12449001  12228433  12419329  12201626'
b'   12317741  12165627  12179281  12221321  12448991  12228453  12419231  12201633'
b'   12318064  12165834  12179497  12221517  12449188  12228610  12419576  12201872'
b'   12317791  12165685  12179329  12221407  12449052  12228401  12419381  12201567'
b'   12317927  12165632  12179416  12221537  12449127  12228569  12419522  12201695'
b'   12317411  12165122  12178811  12221102  12448642  12227921  12418882  12201117'
b'   12318557  12166202  12179963  12222192  12449714  12229062  12419888  12202313'
b'   12316712  12164256  12178033  12220255  12447978  12227160  12418077  12200402'
b'   12316743  12164396  12178180  12220275  12447971  12227263  12418007  12200506'
b'   12317501  12165199  12178908  12221046  12448746  12227995  12418760  12201136'
b'   12317232  12164920  12178704  12220715  12448452  12227728  12418517  12200874'
b'   12317161  12164789  12178666  12220818  12448364  12227666  12418549  12200902'
b'   12317225  12164874  12178751  12220832  12448550  12227745  12418553  12200891'
b'   12317832  12165498  12179330  12221481  12449081  12228404  12419158  12201496'
b'   12318025  12165758  12179576  12221681  12449212  12228540  12419303  12201703'
b'   12318359  12166118  12179880  12221915  12449743  12228915  12419529  12201959'
b'   12318967  12166616  12180386  12222593  12450119  12229438  12420145  12202553'
b'   12318972  12166668  12180560  12222586  12450221  12229410  12420221  12202627'
b'   12318691  12166431  12180247  12222271  12450002  12229174  12419931  12202300'
b'   12317091  12164765  12178682  12220651  12448419  12227540  12418323  12200548'
b'   12318795  12166410  12180326  12222305  12450065  12229168  12419964  12202255'
b'   12318770  12166565  12180377  12222422  12450072  12229291  12419980  12202309'
b'   12318489  12166236  12180129  12222157  12449920  12229038  12419767  12202191'
b'   12319472  12167245  12181121  12223205  12450837  12230070  12420694  12203119'
b'   12319340  12167066  12180973  12223048  12450728  12229913  12420527  12202900'
b'   12319399  12167069  12181001  12223120  12450710  12229888  12420559  12202935'
b'   12318723  12166297  12180263  12222361  12450043  12229124  12419800  12202218'
b'   12318730  12166367  12180206  12222397  12450034  12229096  12419854  12202207'
b'   12319311  12167108  12180860  12223122  12450691  12229833  12420535  12202866'
b'   12319695  12167231  12181045  12223379  12450930  12230088  12420635  12203254'
b'   12319082  12166605  12180490  12222687  12450308  12229432  12420142  12202438'
b'   12316919  12164504  12178312  12220633  12448387  12227273  12418183  12200339'
b'   12319323  12166995  12180848  12223196  12450716  12229815  12420452  12202886'
b'   12318590  12166168  12180031  12222417  12449963  12228801  12419810  12202000'
b'   12318701  12166420  12180181  12222555  12450188  12229070  12419907  12202153'
b'   12319445  12167188  12181048  12223301  12450943  12229953  12420794  12202931'
b'   12318410  12166068  12179886  12222188  12449803  12228820  12419608  12201832'
b'   12318713  12166442  12180339  12222524  12450156  12229126  12419997  12202132'
b'   12319870  12167611  12181518  12223800  12451275  12230319  12421080  12203399'
b'   12319512  12167197  12181144  12223340  12450974  12229764  12420660  12202893'
b'   12319761  12167460  12181438  12223593  12451222  12230168  12420987  12203237'
b'   12319101  12166690  12180696  12222910  12450564  12229430  12420232  12202516'
b'   12319664  12167447  12181432  12223440  12451164  12230051  12420868  12203157'
b'   12319876  12167595  12181608  12223734  12451443  12230266  12421128  12203270'
b'   12318831  12166605  12180616  12222744  12450454  12229277  12420090  12202362'
b'   12319099  12166720  12180759  12222896  12450665  12229522  12420284  12202453'
b'   12319506  12167144  12181162  12223324  12450987  12229857  12420659  12202820'
b'   12319709  12167319  12181365  12223489  12451166  12230098  12420907  12203118'
b'   12319573  12167148  12181108  12223422  12451096  12229900  12420779  12202890'
b'   12319272  12166877  12180740  12223082  12450739  12229539  12420389  12202662'
b'   12319139  12166627  12180644  12222989  12450605  12229412  12420233  12202500'
b'   12319090  12166544  12180447  12222862  12450488  12229301  12420060  12202336'
b'   12319238  12166716  12180677  12223058  12450707  12229495  12420276  12202539'
b'   12319861  12167198  12181150  12223583  12451237  12229965  12420850  12202984'
b'   12319990  12167394  12181291  12223775  12451297  12230236  12420912  12203146'
b'   12319739  12167292  12181269  12223762  12451235  12230046  12420889  12203013'
b'   12319984  12167429  12181327  12223717  12451383  12230147  12421008  12203165'
b'   12320374  12167932  12181758  12224284  12451705  12230650  12421450  12203609'
b'   12320537  12168062  12182031  12224511  12452068  12230837  12421721  12203834'
b'   12320467  12167971  12181912  12224313  12451980  12230670  12421488  12203694'
b'   12319752  12167307  12181249  12223599  12451230  12230034  12420852  12203050'
b'   12318664  12166138  12180227  12222584  12450287  12228878  12419714  12201896'
b'   12319561  12167100  12181130  12223413  12451074  12229765  12420637  12202794'
b'   12319865  12167450  12181385  12223810  12451374  12230152  12420883  12203158'
b'   12320499  12168069  12182128  12224477  12452011  12230772  12421556  12203837'
b'   12320815  12168485  12182435  12224746  12452278  12231095  12421932  12204010'
b'   12319797  12167473  12181519  12223738  12451408  12229969  12420980  12203074'
b'   12319203  12166754  12180804  12223108  12450926  12229366  12420383  12202480'
b'   12320755  12168498  12182523  12224761  12452348  12231066  12421933  12204099'
b'   12320046  12167577  12181673  12224002  12451645  12230260  12421132  12203306'
b'   12320783  12168390  12182374  12224651  12452236  12230966  12421892  12203976'
b'   12320124  12167843  12181674  12224158  12451787  12230381  12421226  12203431'
b'   12319527  12167099  12181073  12223485  12451165  12229637  12420587  12202709'
b'   12320174  12167679  12181586  12224094  12451732  12230282  12421161  12203277'
b'   12319565  12167002  12181023  12223407  12451112  12229736  12420562  12202614'
b'   12319897  12167264  12181259  12223747  12451407  12229879  12420887  12203005'
b'   12320129  12167526  12181358  12224026  12451574  12230086  12421049  12203199'
b'   12319574  12166994  12180895  12223434  12451104  12229574  12420563  12202531'
b'   12319659  12167059  12180970  12223631  12451299  12229856  12420609  12202662'
b'   12321339  12168811  12182743  12225321  12452793  12231378  12422188  12204375'
b'   12319832  12167282  12181344  12223904  12451390  12229884  12420936  12202925'
b'   12321221  12168650  12182707  12225207  12452707  12231275  12422197  12204343'
b'   12320444  12167810  12181855  12224336  12451905  12230482  12421365  12203460'
b'   12320640  12168050  12182031  12224541  12452335  12230691  12421561  12203615'
b'   12320950  12168437  12182487  12225005  12452582  12231033  12421838  12204058'
b'   12321220  12168650  12182709  12225287  12452879  12231332  12422154  12204316'
b'   12320349  12167731  12181802  12224281  12451898  12230401  12421244  12203303'
b'   12320642  12168084  12182137  12224693  12452276  12230654  12421643  12203667'
b'   12320406  12167878  12181926  12224507  12452113  12230552  12421397  12203461'
b'   12320258  12167806  12181867  12224398  12452031  12230414  12421354  12203329'
b'   12319914  12167490  12181547  12223948  12451706  12230066  12420911  12203035'
b'   12320336  12167934  12181954  12224358  12452075  12230485  12421356  12203365'
b'   12320302  12167820  12181917  12224434  12452021  12230382  12421360  12203380'
b'   12320127  12167667  12181810  12224179  12451898  12230283  12421215  12203225'
b'   12319730  12167251  12181282  12223800  12451474  12229730  12420852  12202753'
b'   12320642  12168154  12182257  12224744  12452388  12230720  12421666  12203684'
b'   12321739  12169224  12183302  12225743  12453284  12231781  12422719  12204686'
b'   12320902  12168305  12182342  12225022  12452612  12230914  12421824  12203956'
b'   12321267  12168681  12182700  12225376  12452927  12231314  12422109  12204279'
b'   12321481  12168870  12182795  12225504  12453022  12231507  12422333  12204382'
b'   12320902  12168382  12182357  12225026  12452597  12230922  12421893  12203962'
b'   12320772  12168152  12182229  12224840  12452515  12230804  12421814  12203773'
b'   12320356  12167671  12181720  12224291  12452007  12230238  12421256  12203230'
b'   12320621  12167976  12182121  12224752  12452214  12230571  12421514  12203621'
b'   12320145  12167538  12181456  12224216  12451751  12230101  12421047  12203049'
b'   12320450  12167793  12181863  12224584  12452178  12230361  12421455  12203366'
b'   12320950  12168306  12182371  12224922  12452572  12230903  12421797  12203783'
b'   12320301  12167661  12181684  12224389  12451944  12230298  12421210  12203195'
b'   12320822  12168273  12182318  12224995  12452593  12230755  12421773  12203730'
b'   12321662  12169004  12183110  12225706  12453316  12231686  12422601  12204517'
b'   12321458  12168963  12182985  12225562  12453120  12231459  12422437  12204411'
b'   12320753  12168214  12182161  12224817  12452462  12230776  12421673  12203651'
b'   12321214  12168712  12182711  12225388  12452898  12231144  12422085  12204177'
b'   12321230  12168719  12182758  12225427  12452897  12231294  12422146  12204102'
b'   12319594  12167027  12181230  12223892  12451493  12229695  12420714  12202492'
b'   12321635  12169050  12183199  12225784  12453384  12231715  12422560  12204550'
b'   12321142  12168632  12182637  12225243  12452828  12231177  12422043  12204073'
b'   12319853  12167244  12181358  12223874  12451508  12229778  12420754  12202700'
b'   12320992  12168436  12182623  12225208  12452862  12231042  12421956  12203932'
b'   12320718  12168087  12182255  12224884  12452473  12230694  12421725  12203562'
b'   12319616  12167047  12181062  12223784  12451472  12229553  12420590  12202451'
b'   12321615  12169091  12183214  12225846  12453469  12231722  12422506  12204597'
b'   12321765  12169121  12183191  12225913  12453472  12231745  12422673  12204580'
b'   12322175  12169486  12183581  12226231  12453790  12232133  12422961  12204982'
b'   12321718  12169051  12183123  12225927  12453442  12231757  12422640  12204597'
b'   12320768  12167953  12182088  12224782  12452469  12230615  12421624  12203531'
b'   12321533  12168792  12182900  12225490  12453202  12231443  12422342  12204333'
b'   12321819  12169183  12183305  12225918  12453547  12231769  12422642  12204614'
b'   12320343  12167489  12181745  12224372  12452007  12230163  12421099  12202989'
b'   12321770  12169069  12183202  12225806  12453358  12231625  12422489  12204515'
b'   12321841  12169242  12183367  12225983  12453664  12231841  12422737  12204652'
b'   12320984  12168437  12182505  12225157  12452833  12230907  12421834  12203853'
