b'   12441852  12334063  12369058  12513697  12670302  12369631  12511923  12352365'
b'   12482282  12371545  12405328  12552323  12709031  12404161  12550872  12390743'
b'   12564098  12448919  12479399  12630277  12788349  12475429  12632976  12467620'
b'   12595640  12478493  12507265  12659903  12818655  12502598  12665150  12496426'
b'   12615592  12497332  12525120  12678738  12837812  12520151  12685269  12514649'
b'   12628656  12509522  12536673  12690889  12850350  12531371  12698308  12526526'
b'   12639704  12519656  12546049  12701154  12860691  12541094  12708944  12536412'
b'   12648277  12527272  12553410  12709054  12868722  12548604  12716890  12543859'
b'   12653598  12531664  12557450  12713623  12873772  12552717  12721668  12548248'
b'   12659366  12536901  12562419  12719035  12879331  12557828  12727019  12553344'
b'   12664523  12541203  12566388  12723664  12883918  12561863  12731363  12557599'
b'   12669720  12545805  12570623  12728487  12888700  12566314  12736008  12562150'
b'   12673349  12548770  12573364  12731596  12891786  12569026  12738815  12564932'
b'   12676682  12551628  12576216  12734766  12894801  12571713  12741619  12567706'
b'   12678995  12553832  12578261  12737047  12897117  12573748  12743785  12569522'
b'   12683270  12558117  12582466  12741188  12901279  12577797  12747914  12573458'
b'   12686792  12561401  12585683  12744598  12904791  12581190  12751588  12576574'
b'   12688822  12563346  12587649  12746482  12906845  12583089  12753560  12578507'
b'   12691016  12565368  12589552  12748455  12909225  12585110  12755677  12580366'
b'   12693585  12567856  12592035  12750944  12911428  12587177  12757868  12582635'
b'   12695472  12569659  12593785  12752658  12913241  12588822  12759651  12584303'
b'   12697911  12572079  12596168  12755082  12915591  12591022  12761989  12586546'
b'   12700664  12574900  12598829  12757666  12918349  12593637  12764641  12589100'
b'   12702089  12576251  12600173  12759055  12919703  12594791  12765983  12590320'
b'   12704286  12578326  12602318  12761183  12921984  12596853  12768049  12592245'
b'   12706276  12580247  12604220  12762992  12923979  12598670  12769883  12593972'
b'   12708066  12582204  12606275  12764874  12926288  12600699  12772072  12595885'
b'   12710223  12584392  12608446  12766974  12928567  12602847  12774146  12598016'
b'   12710597  12584653  12608702  12767226  12929127  12603036  12774513  12598074'
b'   12712741  12586494  12610520  12769139  12931170  12604902  12776362  12599967'
b'   12714215  12587654  12611656  12770375  12932577  12606141  12777640  12601261'
b'   12715424  12588709  12612571  12771601  12933618  12607017  12778512  12602265'
b'   12716175  12589110  12612827  12772207  12934175  12607302  12778924  12602527'
b'   12717381  12589883  12613503  12773306  12934859  12607919  12779604  12603050'
b'   12717812  12589977  12613681  12773713  12935002  12608003  12779872  12603174'
b'   12718842  12591019  12614512  12774765  12936048  12608944  12780597  12603926'
b'   12721028  12593181  12616756  12776828  12938072  12610947  12782657  12605891'
b'   12721451  12593715  12617190  12777291  12938482  12611153  12783094  12606049'
b'   12722670  12595062  12618639  12778708  12939698  12612443  12784375  12607332'
b'   12723554  12595924  12619441  12779385  12940455  12613094  12785162  12608074'
b'   12725953  12598349  12621862  12781656  12942746  12615408  12787411  12610379'
b'   12725758  12598192  12621878  12781630  12942655  12615304  12787372  12610163'
b'   12726974  12599375  12623106  12782781  12943973  12616427  12788468  12611331'
b'   12728347  12600821  12624377  12784117  12945214  12617653  12789732  12612599'
b'   12729160  12601773  12625475  12784822  12946090  12618436  12790677  12613428'
b'   12730415  12603021  12626651  12785955  12947147  12619462  12791738  12614505'
b'   12730373  12603020  12626630  12785995  12947365  12619424  12791807  12614463'
b'   12731401  12604240  12627941  12787188  12948672  12620765  12793090  12615809'
b'   12732858  12605743  12629569  12788498  12950217  12622332  12794665  12617347'
b'   12734247  12607212  12631020  12789771  12951890  12623773  12796154  12618911'
b'   12734007  12606931  12630668  12789567  12951979  12623602  12795909  12618620'
b'   12734358  12606956  12630861  12789805  12952420  12623772  12796038  12618808'
b'   12735872  12608398  12632089  12791281  12953828  12625104  12797290  12620064'
b'   12736378  12608591  12632190  12791609  12954180  12625154  12797455  12620121'
b'   12735944  12608126  12631589  12791271  12953604  12624582  12796749  12619328'
b'   12736796  12608502  12631924  12791982  12953878  12624807  12796928  12619628'
b'   12736695  12608240  12631528  12791842  12953528  12624375  12796556  12619077'
b'   12738912  12610432  12633727  12793951  12955205  12626285  12798381  12620908'
b'   12739660  12611218  12634481  12794818  12955807  12626966  12799155  12621556'
b'   12739684  12611239  12634616  12794853  12955775  12626793  12799153  12621478'
b'   12739642  12611436  12634832  12794828  12955819  12626882  12799229  12621557'
b'   12740002  12611708  12635237  12795245  12956090  12627176  12799708  12621787'
b'   12740980  12612841  12636361  12796263  12957124  12628138  12800632  12622775'
b'   12742383  12614320  12637801  12797534  12958496  12629398  12802005  12624173'
b'   12742378  12614377  12637808  12797633  12958565  12629504  12802099  12624146'
b'   12742524  12614415  12638023  12797667  12958710  12629677  12802345  12624305'
b'   12743292  12615405  12638941  12798505  12959794  12630513  12803135  12625157'
b'   12743861  12615937  12639589  12799069  12960239  12630995  12803704  12625702'
b'   12744450  12616619  12640259  12799586  12961109  12631854  12804388  12626479'
b'   12745458  12617779  12641463  12800618  12962297  12632898  12805705  12627741'
b'   12744655  12617043  12640859  12799989  12961845  12632193  12805086  12627111'
b'   12746811  12619449  12643284  12802089  12964536  12634766  12807403  12629624'
b'   12746633  12619062  12642866  12801825  12964502  12634587  12807169  12629380'
b'   12747284  12619565  12643417  12802377  12965249  12635162  12807748  12629960'
b'   12746569  12618652  12642343  12801713  12964588  12634095  12806619  12628958'
b'   12748297  12620438  12644035  12803531  12966245  12635850  12808350  12630584'
b'   12747882  12619591  12643194  12802804  12965546  12634984  12807532  12629750'
b'   12747730  12619067  12642560  12802658  12964951  12634341  12806773  12628801'
b'   12749420  12620518  12643909  12804204  12966098  12635599  12808030  12629995'
b'   12749932  12621029  12644325  12804783  12966368  12635998  12808391  12630305'
b'   12749307  12620477  12643763  12804116  12965433  12635008  12807591  12629427'
b'   12749960  12621280  12644744  12805044  12966138  12635890  12808476  12630241'
b'   12749605  12620925  12644428  12804550  12965626  12635440  12808163  12629775'
b'   12750161  12621471  12644923  12805111  12966136  12635868  12808532  12630237'
b'   12751289  12622785  12646232  12806254  12967287  12637102  12809863  12631491'
b'   12750934  12622511  12646003  12805992  12966897  12636723  12809644  12631153'
b'   12751113  12622651  12646258  12806141  12967240  12636974  12809779  12631315'
b'   12751622  12623224  12646925  12806756  12967835  12637595  12810341  12631887'
b'   12752549  12624398  12647977  12807612  12968854  12638493  12811528  12632936'
b'   12751956  12623868  12647602  12807173  12968535  12638130  12811331  12632588'
b'   12753485  12625404  12649165  12808631  12970021  12639638  12812863  12634149'
b'   12754071  12626178  12650006  12809177  12971152  12640573  12813899  12635052'
b'   12754277  12626432  12650439  12809361  12971691  12640915  12814132  12635602'
b'   12754245  12626615  12650542  12809370  12972116  12641127  12814329  12635813'
b'   12754983  12627288  12651114  12810024  12973043  12641886  12814907  12636656'
b'   12754375  12626385  12650221  12809463  12972471  12641052  12814008  12635716'
b'   12755701  12627730  12651468  12810801  12973891  12642354  12815205  12637044'
b'   12754190  12625836  12649495  12809257  12972182  12640424  12813264  12634987'
b'   12756005  12627506  12651221  12811029  12973871  12642104  12814894  12636580'
b'   12755695  12626734  12650232  12810566  12972769  12641134  12813793  12635433'
b'   12754643  12625641  12649085  12809562  12971450  12639822  12812577  12633956'
b'   12756098  12627043  12650451  12810991  12972576  12641097  12813757  12635278'
b'   12755347  12626549  12650022  12810372  12971662  12640372  12813385  12634672'
b'   12756657  12627865  12651361  12811601  12972743  12641618  12814542  12635844'
b'   12757366  12628737  12652185  12812311  12973453  12642342  12815243  12636537'
b'   12757180  12628533  12652063  12812226  12973339  12642159  12815073  12636383'
b'   12757800  12629251  12652757  12812752  12973861  12642889  12815815  12637133'
b'   12757384  12628790  12652430  12812435  12973598  12642382  12815472  12636645'
b'   12757362  12628795  12652474  12812342  12973591  12642454  12815469  12636684'
b'   12759180  12630764  12654399  12814216  12975454  12644368  12817374  12638608'
b'   12758797  12630503  12654162  12813967  12975218  12644129  12817203  12638387'
b'   12758663  12630413  12654234  12813755  12975272  12644028  12817039  12638420'
b'   12758709  12630489  12654284  12813872  12975597  12644153  12817237  12638577'
b'   12760104  12632026  12655883  12815195  12977184  12645714  12819007  12640336'
b'   12760231  12632303  12656407  12815436  12978046  12646345  12819515  12640882'
b'   12759774  12631842  12655941  12814938  12977814  12645916  12819053  12640567'
b'   12760641  12632501  12656432  12815760  12978743  12646718  12819750  12641291'
b'   12761021  12632813  12656756  12816091  12979242  12647010  12819902  12641537'
b'   12761660  12633383  12657346  12816706  12979823  12647670  12820376  12642187'
b'   12761530  12632914  12656778  12816441  12979551  12647093  12819773  12641467'
b'   12760820  12632039  12655782  12815700  12978574  12646054  12818774  12640351'
b'   12761590  12632602  12656259  12816522  12978953  12646499  12819237  12640692'
b'   12762046  12632840  12656395  12816894  12978752  12646552  12819117  12640607'
b'   12761798  12632580  12656092  12816679  12978290  12646143  12818728  12640170'
b'   12761583  12632500  12656010  12816542  12978004  12645951  12818656  12639887'
b'   12761409  12632395  12656051  12816309  12977640  12645683  12818407  12639677'
b'   12761251  12632343  12656055  12816244  12977449  12645682  12818367  12639610'
b'   12761434  12632423  12656079  12816410  12977576  12645776  12818375  12639807'
b'   12761454  12632690  12656477  12816576  12977686  12645926  12818739  12640071'
b'   12762717  12633899  12657822  12817877  12978812  12647139  12819884  12641232'
b'   12763210  12634545  12658300  12818357  12979466  12647675  12820407  12641786'
b'   12763463  12634752  12658661  12818482  12979704  12648008  12820683  12642170'
b'   12763012  12634425  12658323  12818190  12979454  12647678  12820540  12641806'
b'   12763563  12634969  12659009  12818743  12980197  12648382  12821291  12642596'
b'   12763811  12635317  12659438  12819004  12980659  12648736  12821751  12642920'
b'   12764246  12635894  12659971  12819512  12981373  12649421  12822476  12643645'
b'   12764153  12636139  12660293  12819467  12981971  12649635  12822808  12644175'
b'   12765299  12637451  12661569  12820594  12983404  12651122  12824115  12645667'
b'   12764517  12636407  12660614  12819804  12982785  12650180  12823261  12644780'
b'   12764154  12635651  12659872  12819282  12982505  12649659  12822545  12644092'
b'   12764724  12636127  12660236  12819821  12983140  12650216  12823005  12644551'
b'   12763745  12635131  12659196  12818971  12982136  12649083  12821813  12643434'
b'   12764890  12635910  12659842  12820008  12982769  12649764  12822338  12644024'
b'   12764830  12635653  12659447  12819932  12982360  12649285  12821883  12643458'
b'   12764441  12634938  12658620  12819433  12981330  12648389  12820964  12642313'
b'   12764614  12635154  12658920  12819521  12981248  12648443  12821018  12642324'
b'   12765147  12635794  12659511  12820126  12981583  12648938  12821611  12642946'
b'   12765734  12636542  12660379  12820759  12981922  12649631  12822344  12643528'
b'   12765107  12636017  12659862  12820307  12981341  12648968  12821867  12642932'
b'   12764977  12635934  12659802  12820076  12981165  12648844  12821650  12642821'
b'   12765906  12636940  12660828  12821065  12981920  12649795  12822659  12643829'
b'   12765478  12636630  12660437  12820653  12981705  12649433  12822393  12643423'
b'   12765288  12636454  12660364  12820421  12981622  12649292  12822234  12643469'
b'   12765916  12637186  12661143  12821181  12982509  12650100  12823054  12644199'
b'   12765821  12637054  12661062  12821047  12982387  12649968  12822986  12644116'
b'   12766205  12637494  12661711  12821446  12983020  12650643  12823712  12644837'
b'   12765720  12637303  12661417  12821002  12982977  12650408  12823535  12644692'
b'   12766809  12638526  12662779  12822198  12984439  12651742  12824810  12646058'
b'   12767544  12639598  12663901  12822972  12985765  12653014  12826013  12647416'
b'   12768083  12639957  12664255  12823356  12986438  12653473  12826381  12647951'
b'   12767603  12639272  12663485  12822847  12986092  12653049  12825762  12647355'
b'   12767890  12639312  12663568  12823348  12986787  12653187  12825731  12647400'
b'   12767373  12638568  12663149  12823410  12986817  12652798  12824932  12646668'
b'   12767706  12638668  12663747  12824661  12988017  12653302  12825017  12646829'
b'   12767661  12638194  12663956  12826995  12989638  12653553  12824295  12646065'
b'   12766817  12636598  12664611  12831336  12994226  12654836  12822787  12644739'
b'   12764895  12633702  12665397  12839230  13002936  12656903  12819918  12642480'
b'   12765240  12632651  12668194  12851802  13016080  12660595  12817831  12641358'
b'   12762515  12628004  12672170  12870257  13031150  12663221  12812670  12638188'
b'   12759786  12624350  12676722  12887243  13043235  12665584  12808746  12635533'
b'   12755639  12619538  12679837  12902884  13052055  12665221  12803587  12631407'
b'   12754762  12618377  12683861  12916060  13062738  12667955  12801844  12630419'
b'   12752482  12615342  12683920  12922912  13071452  12668954  12798707  12627817'
b'   12750702  12613093  12685035  12931381  13086364  12673158  12796889  12626127'
b'   12749465  12611426  12687560  12941257  13097444  12676196  12794962  12624477'
b'   12746842  12608673  12689067  12951255  13107128  12677473  12792276  12622091'
b'   12745043  12606793  12692252  12960147  13117384  12679918  12790406  12620097'
b'   12744907  12606901  12695306  12967740  13127061  12683549  12790942  12619952'
b'   12743533  12605412  12697473  12977276  13137849  12685614  12789201  12618738'
b'   12742395  12604330  12699896  12983700  13146562  12688094  12788258  12617694'
b'   12740946  12603568  12703307  12990819  13154580  12691137  12787619  12616639'
b'   12739720  12602708  12706980  12997683  13161885  12694236  12786959  12615482'
b'   12739210  12602702  12711056  13004199  13170014  12698097  12786709  12614773'
b'   12739083  12603140  12716995  13011401  13175194  12702330  12786742  12613884'
b'   12736951  12601822  12720919  13017990  13182106  12705268  12785261  12611426'
b'   12735234  12600930  12724624  13021614  13185306  12707783  12784585  12609635'
b'   12733717  12600037  12727208  13024663  13188146  12709801  12783601  12607412'
b'   12733832  12600826  12730922  13030368  13192317  12712401  12784156  12607289'
b'   12732420  12600103  12733032  13033106  13195930  12714454  12783557  12605541'
b'   12732687  12601224  12737146  13035747  13200249  12718699  12784799  12605597'
b'   12732243  12601974  12741460  13040391  13205174  12722469  12785574  12605332'
b'   12732167  12602857  12745114  13043726  13207762  12725281  12786619  12605233'
b'   12731156  12602415  12746782  13047777  13209710  12725691  12785675  12604026'
b'   12731540  12603608  12750826  13052624  13213191  12728548  12786556  12604407'
b'   12731313  12603911  12752704  13055752  13215727  12729843  12786734  12604125'
b'   12730650  12603844  12754880  13058424  13217643  12731193  12786701  12603696'
b'   12730051  12603827  12755999  13060757  13220739  12732517  12786982  12603311'
b'   12730270  12604430  12758191  13064151  13223879  12734304  12787730  12603738'
b'   12730745  12605136  12759700  13067243  13228094  12736167  12788795  12604523'
b'   12729868  12604694  12762150  13072101  13233215  12737976  12788716  12604194'
b'   12729690  12605328  12765478  13075267  13235915  12740541  12789640  12604512'
b'   12730334  12606694  12768929  13079004  13239482  12743584  12791179  12605457'
b'   12730642  12607188  12770249  13081913  13241984  12744461  12791451  12605740'
b'   12730383  12607018  12770205  13082222  13243714  12745262  12791516  12605323'
b'   12730279  12607402  12771676  13083917  13244406  12745917  12791671  12604985'
b'   12731027  12608202  12772179  13084997  13246253  12747075  12792316  12605271'
b'   12730041  12607402  12772207  13086064  13245735  12746132  12791041  12603729'
b'   12729507  12607046  12772959  13087616  13246175  12746278  12790205  12602163'
b'   12729213  12607252  12774161  13088240  13246403  12747063  12790594  12601642'
b'   12730166  12608726  12776173  13090242  13248680  12749336  12792086  12602477'
b'   12729648  12608584  12777216  13091630  13249444  12749794  12791957  12601864'
b'   12730141  12609504  12778651  13092909  13250903  12751209  12792863  12602392'
b'   12729473  12609334  12779909  13094476  13251888  12751962  12792587  12601781'
b'   12728758  12609105  12780795  13095311  13253097  12752815  12792384  12601010'
b'   12729080  12609733  12781925  13095187  13255190  12755191  12793464  12601437'
b'   12730000  12610873  12782754  13095147  13257232  12757559  12795278  12602655'
b'   12730934  12612016  12783687  13098100  13259344  12758288  12796268  12603892'
b'   12729115  12610403  12782658  13096930  13258954  12757595  12795036  12602288'
b'   12729608  12611176  12784016  13099389  13260142  12758094  12795523  12602859'
b'   12730939  12612854  12785259  13099214  13261228  12760121  12797481  12604455'
b'   12731075  12613505  12787421  13101115  13262797  12761831  12798161  12604762'
b'   12731058  12613941  12789226  13103095  13263382  12762615  12798821  12605322'
b'   12730711  12613959  12790617  13104079  13263334  12762980  12798696  12605019'
b'   12730175  12613766  12791539  13105577  13263636  12762931  12798148  12604381'
b'   12731154  12614871  12792668  13107534  13265478  12763952  12798985  12605185'
b'   12731494  12615263  12792577  13106809  13265617  12764602  12799452  12605348'
b'   12731556  12615282  12791428  13105391  13265309  12764367  12799182  12604826'
b'   12732918  12616879  12792022  13105660  13265039  12765049  12800488  12605928'
b'   12732614  12616630  12791851  13105806  13263255  12763645  12799675  12604989'
b'   12732522  12616776  12791618  13105031  13262330  12763562  12799370  12604236'
b'   12732547  12617352  12791576  13102839  13260440  12763762  12799856  12604149'
b'   12732776  12617882  12792324  13103585  13260329  12763972  12800415  12604467'
b'   12732937  12618522  12793965  13104929  13259898  12764327  12800970  12604562'
b'   12733236  12619201  12794152  13104294  13259862  12765035  12801736  12605029'
b'   12733292  12619647  12794588  13104275  13258768  12764846  12802405  12605373'
b'   12733353  12620055  12794386  13102497  13258228  12765588  12802989  12605552'
b'   12733841  12620723  12792941  13099581  13256740  12765230  12803796  12606165'
b'   12734397  12621500  12793538  13099859  13256694  12765785  12804743  12606817'
b'   12733955  12621330  12793422  13099130  13256040  12765765  12804849  12606819'
b'   12735609  12622726  12793201  13099439  13257221  12766313  12806406  12608515'
b'   12735948  12623196  12791688  13096802  13254551  12764952  12807001  12609350'
b'   12736613  12623251  12788201  13094696  13249931  12760314  12806916  12610122'
b'   12738114  12624464  12783732  13090039  13245880  12756839  12808459  12612341'
b'   12740366  12626182  12777286  13079832  13238308  12752546  12810451  12615185'
b'   12742463  12627254  12770355  13072701  13232854  12746697  12811004  12617087'
b'   12743619  12627601  12763236  13064981  13223233  12740025  12811254  12618219'
b'   12746809  12630129  12756612  13055048  13214981  12735801  12813363  12621159'
b'   12747074  12630126  12750201  13044772  13204376  12730078  12813110  12621110'
b'   12749920  12632785  12746340  13036829  13195494  12726818  12815511  12623637'
b'   12751219  12633715  12740492  13025945  13186702  12722966  12816350  12624459'
b'   12752292  12634523  12735168  13016416  13179125  12719429  12817515  12625635'
b'   12754761  12637129  12731757  13007950  13170619  12716948  12819943  12627856'
b'   12756786  12639107  12729111  13000938  13164496  12715255  12821987  12630080'
b'   12757326  12639717  12726018  12994063  13159568  12713242  12822731  12630769'
b'   12758759  12641470  12724340  12986426  13152879  12712270  12824922  12632549'
b'   12760197  12643076  12723042  12980420  13148259  12711571  12826513  12633999'
b'   12761988  12645490  12723218  12975211  13138728  12710193  12828585  12635811'
b'   12763485  12647718  12722236  12966451  13130371  12709477  12831021  12637808'
b'   12764302  12649517  12720898  12957687  13118642  12707174  12832512  12638603'
b'   12766329  12652241  12721225  12953679  13111393  12706070  12834832  12640642'
b'   12767329  12653762  12721031  12949249  13105124  12704565  12836148  12642038'
b'   12768316  12655062  12720969  12945897  13100947  12703738  12837497  12643348'
b'   12769202  12656182  12720468  12941633  13096465  12702934  12839081  12644439'
b'   12770074  12657350  12720920  12939678  13094951  12702891  12840560  12646046'
b'   12771280  12658854  12721370  12938127  13092901  12702809  12842057  12647586'
b'   12771016  12658598  12719841  12933638  13089231  12701505  12842531  12647993'
b'   12772686  12660215  12720189  12931617  13087423  12701928  12844224  12649691'
b'   12773659  12661335  12720105  12929582  13084917  12701506  12845128  12650655'
b'   12773914  12661267  12719054  12927315  13082567  12700356  12844879  12650679'
b'   12775363  12662638  12719039  12924855  13079214  12699678  12845987  12651642'
b'   12774703  12661889  12717461  12922391  13076652  12697967  12845226  12650917'
b'   12775558  12662545  12716808  12920464  13074069  12697423  12845623  12651031'
b'   12775402  12662335  12715995  12918603  13071882  12696164  12845274  12650611'
b'   12775742  12662363  12715648  12917956  13071325  12695960  12845305  12650910'
b'   12776526  12663407  12715840  12915907  13068396  12695309  12846088  12651616'
b'   12776364  12663125  12715126  12914571  13066887  12694437  12845757  12651490'
b'   12776551  12663175  12714932  12913671  13065991  12693990  12845769  12651742'
b'   12777503  12664159  12715599  12913858  13066105  12694494  12846712  12652925'
b'   12776632  12663084  12714079  12912058  13064494  12693220  12845988  12652044'
b'   12777480  12663718  12714592  12912230  13064544  12693612  12846426  12653061'
b'   12775974  12662064  12712751  12910089  13062643  12691771  12844980  12651703'
b'   12777294  12663309  12713849  12910813  13063746  12693026  12846297  12653248'
b'   12776774  12662688  12713016  12909756  13062858  12692152  12845755  12653101'
b'   12776824  12662612  12712844  12909376  13062587  12692079  12845902  12653409'
b'   12778194  12664008  12714120  12910368  13064050  12693595  12847592  12655234'
b'   12777579  12663582  12713748  12909546  13064141  12693324  12847445  12654769'
b'   12777864  12663719  12713738  12909339  13064541  12693520  12847427  12654990'
b'   12777523  12663168  12712810  12908597  13064342  12693064  12846843  12654688'
b'   12777976  12663190  12712654  12908378  13064261  12693057  12846859  12655022'
b'   12778343  12663257  12712509  12908271  13064315  12693108  12846972  12655468'
b'   12778467  12662783  12711701  12907706  13063558  12692739  12846540  12655381'
b'   12777792  12661806  12710571  12906565  13062295  12691364  12845658  12654750'
b'   12778597  12662295  12710607  12906751  13062098  12691575  12846089  12655452'
b'   12778184  12661445  12709529  12905852  13060346  12690433  12845228  12654943'
b'   12778943  12662152  12710136  12906208  13060459  12690798  12845608  12655682'
b'   12777563  12660818  12708694  12904561  13058516  12689112  12844198  12654256'
b'   12777601  12660811  12708721  12904349  13058190  12689033  12844183  12654365'
b'   12778397  12661664  12709363  12904866  13058518  12689717  12844888  12655168'
b'   12778538  12661615  12709289  12904659  13058257  12689584  12844910  12655236'
b'   12777603  12660612  12708210  12903518  13057324  12688619  12843854  12654267'
