b'   12483409  12365028  12391953  12548181  12704129  12392051  12542896  12395823'
b'   12523991  12402109  12427544  12586784  12742129  12425880  12581148  12434434'
b'   12603762  12477179  12499550  12662567  12819509  12495122  12661105  12510030'
b'   12635659  12507083  12527680  12692279  12850253  12522658  12693519  12539572'
b'   12655085  12525393  12545101  12710468  12869171  12539678  12713063  12557530'
b'   12669066  12538349  12557514  12723414  12882613  12552030  12727019  12570277'
b'   12679920  12548638  12567497  12733733  12893457  12562085  12738147  12580445'
b'   12688134  12556213  12574702  12741227  12901365  12569337  12746083  12587798'
b'   12694373  12561911  12580140  12747060  12907398  12574818  12752088  12593484'
b'   12699027  12565971  12583900  12751219  12911904  12578598  12756433  12597480'
b'   12705745  12572099  12589679  12757465  12918115  12584409  12762550  12603436'
b'   12710250  12576169  12593467  12761533  12922402  12588392  12766751  12607369'
b'   12714161  12579462  12596570  12765038  12925867  12591428  12769809  12610557'
b'   12717919  12582781  12599650  12768489  12929215  12594547  12773021  12613625'
b'   12721101  12585532  12602270  12771337  12932143  12597032  12775694  12616268'
b'   12724167  12588252  12604606  12774059  12934846  12599308  12778007  12618601'
b'   12727155  12591021  12607352  12776921  12937794  12602019  12780921  12621275'
b'   12729266  12592789  12609053  12778715  12939628  12603624  12782802  12622881'
b'   12733002  12596454  12612791  12782394  12943407  12607464  12786698  12626564'
b'   12735847  12599164  12615298  12784978  12946106  12609899  12789345  12629000'
b'   12736700  12599785  12615851  12785664  12947316  12610210  12789580  12629199'
b'   12739297  12602353  12618991  12788916  12950450  12612609  12791476  12631574'
b'   12739901  12602738  12618940  12789364  12951150  12613103  12792505  12632108'
b'   12742466  12605272  12621617  12791948  12953598  12615800  12795903  12636048'
b'   12743531  12606465  12623337  12793254  12954510  12616730  12796426  12636695'
b'   12746538  12609344  12626263  12796146  12957239  12619417  12798744  12638939'
b'   12749436  12612331  12629082  12798761  12960127  12622495  12801842  12641326'
b'   12750497  12613474  12629992  12799676  12961559  12623550  12803176  12641874'
b'   12752053  12614997  12631105  12800582  12962832  12625020  12805083  12642971'
b'   12753906  12617142  12633370  12802510  12965184  12627348  12807376  12645207'
b'   12755170  12618240  12634551  12803684  12966637  12628613  12808731  12646355'
b'   12756417  12619430  12635605  12804842  12967852  12629685  12809835  12647407'
b'   12758624  12621714  12637721  12806988  12970130  12631635  12811918  12649652'
b'   12759910  12622828  12638877  12808282  12971380  12632889  12813004  12650728'
b'   12760182  12622647  12638584  12808342  12971320  12632597  12812774  12650587'
b'   12763001  12626399  12642089  12810817  12973828  12637213  12818614  12653809'
b'   12763197  12626552  12641221  12810452  12973587  12637135  12820468  12655373'
b'   12765576  12629071  12643068  12811411  12974000  12639162  12823548  12657543'
b'   12766466  12630697  12645421  12812651  12975092  12641669  12825642  12658452'
b'   12770960  12634611  12647639  12813985  12975309  12642815  12831978  12667032'
b'   12775491  12632265  12643608  12812631  12973593  12637724  12831337  12680518'
b'   12777863  12633832  12644198  12813544  12975104  12640176  12838246  12687943'
b'   12778546  12636583  12646082  12813849  12976296  12645150  12844547  12686243'
b'   12779257  12639411  12649220  12815860  12979549  12649761  12846686  12683286'
b'   12783693  12639869  12648510  12816315  12979517  12648266  12849655  12694623'
b'   12786478  12643677  12651457  12816757  12980947  12654748  12857031  12696231'
b'   12788546  12649180  12658374  12820027  12985502  12662946  12860983  12694204'
b'   12791589  12653669  12663532  12823524  12989489  12668004  12864409  12695669'
b'   12793026  12657159  12668845  12828104  12994743  12673738  12868164  12697013'
b'   12793654  12660163  12673445  12832788  13000210  12678578  12869420  12695251'
b'   12792638  12660822  12676433  12836597  13005052  12682673  12870277  12693215'
b'   12791740  12662456  12681200  12842522  13011854  12687960  12871671  12691305'
b'   12790478  12662883  12683670  12846242  13016172  12691141  12872321  12690246'
b'   12790440  12663315  12685374  12849206  13020473  12694930  12874890  12691320'
b'   12791383  12664072  12686257  12850867  13022672  12697280  12876847  12693128'
b'   12794307  12666013  12687071  12850808  13021890  12697460  12878676  12695948'
b'   12797191  12667976  12687797  12850627  13020819  12697010  12879872  12698727'
b'   12800854  12670916  12689503  12851683  13020593  12697102  12881385  12701228'
b'   12804160  12673129  12690700  12852446  13020825  12698230  12884349  12705721'
b'   12805105  12673210  12690326  12852706  13020964  12698973  12886042  12708242'
b'   12806945  12674439  12691104  12853529  13021443  12699861  12887697  12710318'
b'   12808343  12675900  12692751  12855150  13022475  12701086  12889111  12711983'
b'   12810169  12677647  12694656  12857040  13024650  12702938  12890772  12713377'
b'   12812521  12679350  12696082  12857876  13025112  12704755  12894022  12717715'
b'   12813010  12679868  12696527  12858250  13024977  12704013  12893263  12716812'
b'   12814967  12681625  12698022  12859595  13026343  12705818  12895621  12719625'
b'   12817737  12683850  12699678  12860709  13026808  12706882  12898380  12723693'
b'   12817566  12683423  12698975  12860204  13026309  12706118  12897841  12723289'
b'   12819798  12685395  12701049  12861966  13027698  12708177  12900619  12726658'
b'   12821161  12685995  12701150  12861985  13028091  12708480  12902153  12728713'
b'   12821953  12686923  12702125  12862979  13029007  12709959  12904343  12731567'
b'   12821743  12687409  12703254  12864773  13031175  12711413  12904491  12730089'
b'   12821696  12687632  12704145  12866019  13033261  12713118  12905100  12729596'
b'   12822397  12688680  12705820  12867537  13034988  12714581  12906189  12730126'
b'   12823376  12689504  12706372  12868008  13035875  12715591  12907577  12731830'
b'   12823518  12689300  12706015  12867743  13035758  12715404  12907821  12732513'
b'   12823540  12689199  12705815  12867726  13036057  12715725  12908522  12733551'
b'   12824610  12690653  12707610  12869954  13038104  12717140  12909128  12733550'
b'   12823851  12690075  12707341  12870361  13038569  12717070  12908572  12732675'
b'   12825150  12690587  12707399  12870578  13038666  12718093  12911024  12736525'
b'   12826486  12691435  12707930  12871352  13039289  12718999  12912659  12738609'
b'   12826478  12690930  12707126  12870765  13038474  12718405  12912474  12738737'
b'   12827747  12691204  12706520  12870448  13037257  12717686  12913207  12741053'
b'   12827990  12691645  12707320  12871756  13038556  12718664  12913377  12740493'
b'   12828982  12692780  12708189  12872510  13038627  12719110  12914183  12741581'
b'   12828185  12691356  12706339  12869986  13035135  12715699  12911873  12740357'
b'   12823109  12687061  12701894  12865596  13029263  12707062  12901009  12728029'
b'   12814131  12677723  12695744  12866149  13028175  12688219  12868272  12699899'
b'   12813401  12676428  12692129  12860712  13019846  12680421  12863875  12697764'
b'   12812855  12675578  12691077  12859902  13019076  12678921  12862065  12696726'
b'   12811312  12673943  12689596  12858507  13017806  12677073  12860018  12695059'
b'   12811790  12674505  12690173  12859126  13018546  12677475  12860217  12695531'
b'   12812501  12675185  12690839  12859915  13019360  12678060  12860672  12696083'
b'   12811339  12674077  12689878  12858925  13018596  12676949  12859502  12694980'
b'   12811020  12673786  12689591  12858674  13018572  12676663  12859160  12694638'
b'   12811785  12674407  12690342  12859314  13019435  12677427  12859660  12695343'
b'   12811366  12674345  12690398  12859221  13019832  12677589  12859944  12695284'
b'   12811472  12674489  12690615  12859308  13020248  12677718  12860054  12695493'
b'   12812027  12675259  12691475  12860044  13021454  12678769  12861012  12696313'
b'   12810740  12673916  12690064  12858806  13020422  12677409  12859804  12694964'
b'   12811311  12674311  12690431  12859418  13021112  12677829  12860077  12695481'
b'   12811155  12673857  12690012  12859328  13020889  12677406  12859568  12695077'
b'   12811344  12673773  12689641  12859356  13020920  12677305  12859326  12695022'
b'   12811037  12673341  12689192  12859141  13020508  12676760  12858861  12694621'
b'   12810992  12672920  12688498  12858753  13019821  12676003  12857976  12694094'
b'   12810465  12672117  12687731  12858193  13019062  12675158  12857170  12693441'
b'   12811532  12673186  12688697  12859290  13019821  12676101  12857987  12694304'
b'   12812233  12674057  12689579  12860089  13020410  12676857  12858730  12695104'
b'   12811869  12673710  12689453  12859904  13020102  12676498  12858461  12694732'
b'   12812031  12673950  12689685  12860218  13020330  12676728  12858783  12694897'
b'   12810896  12672891  12688687  12859101  13019484  12675611  12857871  12693842'
b'   12811098  12673221  12689052  12859427  13019787  12676044  12858158  12694139'
b'   12812250  12674449  12690293  12860628  13021014  12677383  12859583  12695412'
b'   12811889  12674168  12690219  12860420  13020925  12677244  12859434  12695185'
b'   12811866  12674150  12690201  12860463  13021019  12677254  12859509  12695191'
b'   12812084  12674557  12690749  12860804  13021562  12677757  12860052  12695638'
b'   12812082  12674736  12690954  12861043  13021871  12678054  12860180  12695815'
b'   12810164  12672798  12688865  12859155  13020212  12676159  12858464  12693813'
b'   12811982  12674811  12691235  12861013  13022499  12678523  12860744  12695899'
b'   12812578  12675543  12692045  12861720  13023434  12679453  12861542  12696682'
b'   12812370  12675480  12692019  12861474  13023717  12679584  12861771  12696615'
b'   12812977  12676192  12692733  12862271  13024767  12680549  12862571  12697385'
b'   12813051  12676056  12692562  12862187  13024818  12680408  12862389  12697421'
b'   12812022  12674792  12691282  12861142  13023823  12679268  12861133  12696244'
b'   12812416  12674961  12691301  12861396  13023975  12679406  12861047  12696453'
b'   12811536  12673807  12689989  12860468  13022961  12678161  12859822  12695223'
b'   12812740  12674730  12690765  12861525  13023541  12678843  12860524  12696152'
b'   12812599  12674214  12690191  12861144  13022983  12678067  12859767  12695632'
b'   12813361  12674833  12690744  12861844  13023420  12678582  12860460  12696261'
b'   12813593  12675248  12691146  12862335  13023401  12678894  12860625  12696349'
b'   12812343  12674052  12690029  12861166  13022346  12677711  12859655  12695255'
b'   12813583  12675491  12691546  12862575  13023568  12679115  12861000  12696556'
b'   12814359  12676326  12692388  12863275  13024282  12680037  12861906  12697415'
b'   12812988  12674868  12691258  12862034  13023049  12678630  12860587  12696093'
b'   12814487  12676658  12692811  12863594  13024689  12680287  12862314  12697708'
b'   12814665  12676334  12691696  12862413  13023561  12679423  12863694  12699603'
b'   12815700  12677275  12691529  12861697  13023086  12680106  12867142  12702457'
b'   12817484  12680174  12693252  12861616  13023380  12683672  12874034  12706529'
b'   12821962  12684826  12697553  12863043  13025543  12690589  12883606  12714779'
b'   12824830  12687135  12699411  12863896  13027489  12694252  12888069  12718226'
b'   12829509  12691077  12702926  12865339  13029259  12698426  12894099  12725134'
b'   12832674  12692578  12703547  12864474  13028488  12698871  12895750  12727835'
b'   12838502  12696826  12706104  12866058  13030035  12701593  12900685  12734907'
b'   12842566  12699252  12707492  12866826  13031306  12703525  12904916  12741303'
b'   12844543  12701283  12709527  12868041  13032445  12705090  12905475  12741076'
b'   12847309  12703027  12710606  12868714  13033010  12706158  12907447  12744276'
b'   12847494  12702492  12709595  12867729  13031837  12705086  12906683  12743736'
b'   12851165  12705728  12712598  12870439  13034464  12708196  12909634  12746660'
b'   12850537  12705584  12712730  12870631  13034616  12708458  12909080  12745010'
b'   12852060  12707137  12714240  12872299  13035887  12709535  12909299  12744715'
b'   12854781  12709501  12716415  12874162  13037106  12711033  12910590  12746242'
b'   12856494  12710548  12716782  12874051  13036230  12710482  12910307  12746620'
b'   12857392  12711813  12718184  12875240  13036815  12711389  12911286  12747335'
b'   12858223  12713062  12719849  12876509  13037499  12712385  12912500  12748353'
b'   12860055  12714854  12721300  12877295  13037816  12712879  12912815  12748850'
b'   12862076  12717131  12723707  12878892  13038631  12713652  12913455  12749241'
b'   12863795  12719113  12725792  12880532  13039551  12714514  12913942  12749477'
b'   12865153  12720203  12726758  12880977  13040085  12714823  12914282  12749769'
b'   12866154  12721745  12728648  12882780  13041392  12715786  12914808  12749968'
b'   12867110  12722199  12728546  12882266  13040397  12714917  12914691  12750726'
b'   12868476  12723244  12729368  12882699  13040518  12715274  12915440  12752134'
b'   12869784  12725076  12730948  12883884  13041568  12715879  12915617  12751803'
b'   12871703  12726359  12732336  12885201  13043098  12717516  12917413  12753930'
b'   12871603  12727057  12733447  12886067  13043999  12718124  12917396  12753158'
b'   12875300  12730036  12735730  12887258  13045088  12719932  12920356  12757454'
b'   12878408  12731727  12736371  12887415  13045693  12720849  12922580  12761056'
b'   12879515  12732521  12737111  12888055  13046863  12722085  12924322  12763168'
b'   12879519  12732294  12736477  12887663  13045797  12720505  12922801  12761983'
b'   12880238  12732944  12737249  12888554  13046480  12720993  12922882  12761887'
b'   12880182  12732987  12737531  12889045  13046868  12721256  12922584  12761207'
b'   12880036  12733184  12737726  12889591  13047289  12721391  12922667  12761023'
b'   12876548  12730728  12736290  12889113  13046556  12719848  12919523  12756352'
b'   12878042  12730393  12734548  12887746  13044776  12718524  12919770  12758934'
b'   12873716  12727152  12731955  12885875  13042627  12715370  12915575  12753570'
b'   12870798  12725831  12731938  12886695  13043199  12715706  12914371  12750725'
b'   12861572  12721021  12730488  12887240  13043891  12714753  12909416  12741793'
b'   12858138  12718060  12727787  12885782  13042911  12713029  12907126  12739506'
b'   12859504  12718922  12728826  12886615  13044288  12714076  12907604  12739229'
b'   12860449  12720241  12730624  12888039  13046079  12716719  12910362  12741572'
b'   12863092  12723122  12733420  12890267  13047509  12718666  12912683  12744422'
b'   12866344  12725017  12734325  12890152  13047775  12720068  12915548  12747918'
b'   12869826  12727623  12736506  12891474  13049005  12722158  12918380  12751215'
b'   12872682  12730909  12739700  12893631  13050076  12723204  12919345  12752515'
b'   12875749  12732736  12740558  12893624  13049875  12723883  12921808  12756510'
b'   12879122  12735420  12742459  12894494  13050228  12724655  12923524  12759537'
b'   12882240  12738000  12744290  12895580  13051156  12725562  12925313  12761999'
b'   12885159  12740021  12745444  12895877  13051468  12726126  12926845  12764444'
b'   12885992  12740819  12745981  12895933  13051535  12726569  12928121  12766463'
b'   12889524  12743749  12748290  12897721  13053738  12728454  12930589  12769281'
b'   12888315  12743459  12748861  12898310  13054483  12728896  12930418  12768152'
b'   12888237  12744713  12751444  12901604  13057815  12732182  12932129  12767744'
b'   12883664  12742792  12752326  12904358  13061044  12734364  12930989  12763181'
b'   12886229  12744598  12753235  12905019  13061163  12734408  12931470  12764353'
b'   12886208  12745178  12754422  12906147  13061573  12734416  12930542  12762733'
b'   12887674  12746905  12755883  12907756  13062044  12734678  12930658  12762801'
b'   12892778  12749718  12756542  12907140  13060806  12734256  12932289  12766948'
b'   12894205  12749757  12755640  12905932  13059780  12733549  12932881  12768717'
b'   12891712  12745581  12749848  12900978  13055087  12729387  12931095  12769696'
b'   12875451  12733452  12741631  12897307  13053173  12725385  12923299  12757231'
b'   12858852  12720439  12731302  12891568  13049508  12715707  12906359  12735320'
b'   12850983  12711602  12722439  12888092  13045271  12702645  12888713  12722789'
b'   12848719  12709191  12720339  12886878  13044356  12700385  12885518  12720519'
b'   12847280  12707939  12719470  12886386  13044035  12699563  12884051  12719337'
b'   12846355  12706961  12718758  12885959  13043826  12698912  12883240  12718520'
b'   12844989  12705720  12717834  12885315  13043278  12697990  12881879  12717418'
b'   12844430  12705348  12717629  12885185  13043501  12698037  12881658  12717049'
b'   12842693  12703724  12716348  12884098  13042562  12696791  12880194  12715689'
b'   12843569  12704754  12717604  12885353  13043925  12698121  12881364  12716906'
b'   12842163  12703699  12716709  12884565  13043588  12697450  12880648  12715866'
b'   12841514  12703172  12716457  12884252  13043551  12697299  12880393  12715439'
b'   12841518  12703439  12716988  12884858  13044466  12697978  12880938  12715939'
b'   12840757  12702919  12716562  12884285  13044810  12697904  12880684  12715485'
b'   12840254  12702402  12716057  12883965  13044748  12697777  12880443  12715224'
b'   12839330  12701232  12714931  12883295  13044064  12696812  12879333  12714248'
b'   12840345  12702191  12715598  12884354  13045250  12697856  12880180  12715308'
b'   12839370  12700785  12714477  12883369  13044175  12696648  12878914  12714152'
b'   12838884  12700048  12713638  12883129  13043314  12695907  12878033  12713566'
b'   12839229  12700149  12713689  12883267  13043414  12695893  12877979  12713806'
b'   12838238  12698963  12712530  12882437  13042036  12694629  12876850  12712613'
b'   12837366  12698154  12711501  12881693  13040765  12693604  12875839  12711696'
b'   12837463  12698269  12711966  12881918  13040904  12693766  12876132  12711935'
b'   12837330  12698285  12712093  12882057  13040894  12693865  12876332  12712058'
b'   12836515  12697596  12711365  12881441  13040192  12693308  12875819  12711517'
b'   12837774  12698979  12712979  12882840  13041504  12694855  12877324  12713086'
b'   12837207  12698447  12712467  12882406  13041292  12694510  12877027  12712557'
b'   12835940  12697203  12711471  12881322  13040400  12693495  12876036  12711514'
b'   12836161  12697572  12711986  12881823  13040917  12694130  12876701  12712075'
b'   12835967  12697631  12712168  12881968  13041068  12694341  12876852  12712142'
b'   12835289  12697103  12711619  12881582  13040893  12694057  12876534  12711737'
b'   12834113  12695885  12710510  12880527  13040049  12693067  12875571  12710589'
b'   12835617  12697515  12712172  12882126  13041887  12695009  12877381  12712224'
b'   12835898  12698106  12712963  12882722  13042775  12695912  12878107  12712990'
b'   12835604  12697779  12712755  12882486  13042982  12695915  12878097  12712735'
b'   12835594  12698056  12713056  12882623  13043826  12696651  12878706  12713095'
b'   12835376  12697673  12712860  12882467  13043974  12696575  12878539  12713076'
b'   12834123  12696298  12711443  12881222  13042931  12695356  12877247  12711979'
b'   12834316  12696299  12711344  12881423  13042971  12695397  12877192  12712042'
b'   12834574  12696482  12711623  12881778  13043336  12695697  12877573  12712330'
b'   12834034  12695858  12710952  12881187  13042680  12694954  12876972  12711820'
b'   12833589  12695047  12710064  12880678  13041807  12694029  12876047  12711098'
b'   12833789  12695072  12710088  12880984  13041713  12694017  12875905  12711273'
b'   12833048  12694284  12709139  12880283  13040700  12693026  12875111  12710278'
b'   12833783  12694980  12709885  12881046  13041012  12693613  12875586  12710968'
b'   12833593  12694942  12710072  12881000  13040820  12693537  12875551  12710915'
b'   12833525  12694999  12710121  12880971  13040976  12693809  12875921  12711000'
b'   12831894  12693480  12708575  12879490  13039242  12692184  12874463  12709399'
b'   12833690  12695262  12710437  12881335  13041395  12694454  12876599  12711467'
b'   12832717  12694462  12709752  12880631  13040972  12693912  12875957  12710829'
b'   12832455  12694046  12709441  12880318  13040856  12693598  12875766  12710481'
b'   12832154  12693693  12709259  12880179  13040748  12693503  12875521  12710353'
b'   12832139  12693724  12709253  12880120  13040705  12693581  12875620  12710333'
b'   12832942  12694637  12710125  12880919  13041551  12694509  12876476  12711302'
b'   12833097  12694764  12710311  12881122  13041821  12694812  12876731  12711575'
b'   12832586  12694190  12709885  12880663  13041552  12694323  12876383  12711157'
b'   12832053  12693735  12709322  12880268  13040983  12693899  12875863  12710684'
b'   12832051  12693681  12709312  12880065  13041060  12693892  12875963  12710782'
b'   12832123  12693757  12709400  12880355  13041215  12694053  12876049  12710904'
b'   12831598  12693201  12708847  12879847  13040784  12693707  12875764  12710539'
b'   12831847  12693438  12709168  12880080  13041051  12693919  12876078  12710724'
b'   12831536  12693158  12708948  12879847  13040842  12693679  12875760  12710547'
b'   12831894  12693599  12709279  12880243  13041354  12694146  12876195  12710923'
b'   12831538  12693308  12709032  12880198  13041062  12693969  12875952  12710576'
b'   12831263  12692973  12708754  12879906  13040976  12693817  12875592  12710289'
b'   12830402  12692205  12708026  12879190  13040198  12693040  12874867  12709447'
b'   12831100  12692905  12708644  12879810  13040824  12693734  12875542  12710227'
b'   12830783  12692515  12708376  12879585  13040650  12693442  12875311  12709833'
b'   12829847  12691656  12707428  12878788  13039764  12692571  12874376  12708967'
b'   12830801  12692723  12708689  12879814  13040837  12693806  12875652  12710164'
b'   12830183  12691916  12707744  12879072  13040168  12693069  12874986  12709385'
b'   12830881  12692681  12708553  12879871  13040845  12693890  12875753  12710269'
b'   12830503  12692299  12708365  12879577  13040658  12693593  12875489  12709905'
b'   12830047  12691847  12707868  12879152  13040301  12693318  12875231  12709500'
b'   12830523  12692389  12708422  12879713  13040704  12693632  12875702  12710054'
b'   12830716  12692458  12708585  12879731  13040925  12693971  12875970  12710174'
b'   12830440  12692322  12708377  12879738  13040873  12693829  12875708  12710071'
b'   12829758  12691557  12707756  12879067  13040327  12693205  12875142  12709493'
b'   12830057  12692041  12707967  12879336  13040591  12693604  12875386  12709785'
b'   12830288  12692161  12708287  12879683  13040830  12693843  12875747  12710178'
b'   12829279  12691184  12707328  12878569  13039940  12692965  12874903  12709265'
b'   12829614  12691345  12707573  12878822  13040286  12693297  12875227  12709542'
b'   12829000  12690895  12707047  12878402  13039750  12692817  12874821  12709125'
b'   12828725  12690526  12706788  12878241  13039543  12692520  12874460  12708755'
b'   12830111  12692008  12708292  12879616  13040981  12694056  12875921  12710305'
b'   12830379  12692324  12708577  12879945  13041202  12694354  12876024  12710518'
b'   12829717  12691626  12708022  12879310  13040634  12693764  12875473  12709945'
b'   12828939  12690801  12707094  12878614  13039916  12692932  12874664  12708912'
b'   12829426  12691391  12707797  12879218  13040507  12693591  12875165  12709505'
b'   12829170  12691072  12707509  12879064  13040242  12693246  12874962  12709213'
b'   12829088  12691066  12707417  12878938  13040268  12693370  12874906  12709136'
b'   12829560  12691589  12707956  12879413  13040719  12693892  12875518  12709733'
b'   12828712  12690494  12706885  12878452  13039843  12692823  12874510  12708649'
b'   12829052  12691030  12707489  12878924  13040393  12693437  12875049  12709199'
b'   12829236  12691295  12707672  12879238  13040520  12693749  12875276  12709500'
b'   12828914  12690983  12707396  12879056  13040316  12693489  12875064  12709175'
b'   12828941  12690868  12707424  12878920  13040357  12693489  12875014  12709293'
b'   12828755  12690823  12707342  12878921  13040305  12693418  12875166  12709266'
b'   12828603  12690544  12707097  12878748  13040183  12693216  12874887  12709000'
b'   12829283  12691287  12707832  12879293  13040680  12693963  12875564  12709722'
b'   12829383  12691401  12707960  12879502  13040904  12694005  12875715  12709916'
b'   12828182  12690087  12706625  12878350  13039857  12692791  12874510  12708752'
