b'   12489246  12365134  12388158  12541214  12695875  12386873  12542146  12401562'
b'   12530050  12402394  12423829  12580131  12735604  12421935  12581241  12440959'
b'   12608875  12476695  12494884  12654817  12811984  12490050  12660316  12515829'
b'   12641981  12507816  12524526  12685807  12843517  12518703  12694042  12546755'
b'   12659407  12524048  12539680  12702016  12860248  12533513  12711518  12562503'
b'   12674434  12538117  12553013  12715902  12874490  12546759  12726334  12576423'
b'   12684623  12547588  12562220  12725466  12884459  12555906  12736512  12585824'
b'   12693023  12555314  12569561  12733037  12892427  12563227  12744668  12593326'
b'   12699717  12561489  12575400  12739248  12898920  12569249  12751127  12599352'
b'   12705856  12567268  12580982  12744976  12904894  12574730  12757035  12604975'
b'   12710259  12571382  12584945  12749038  12909316  12578673  12761300  12608922'
b'   12714892  12575644  12588974  12753358  12913875  12582769  12765733  12613111'
b'   12718345  12578910  12592131  12756520  12917560  12585948  12769108  12616153'
b'   12722618  12583114  12596362  12760602  12922251  12590184  12773491  12620228'
b'   12726847  12587319  12600580  12764770  12926817  12594382  12777709  12624295'
b'   12730061  12590421  12603647  12767818  12930705  12597727  12781001  12627253'
b'   12732560  12592789  12605791  12770201  12933315  12600077  12783347  12629556'
b'   12735659  12595527  12608614  12773014  12936531  12602808  12786095  12632254'
b'   12737941  12597203  12610075  12774889  12938626  12604487  12787961  12633972'
b'   12741349  12600320  12613029  12778093  12941784  12607636  12791066  12637048'
b'   12742690  12601398  12613835  12779191  12942946  12608523  12792158  12637988'
b'   12744576  12602708  12614868  12780719  12944053  12609501  12793323  12639244'
b'   12746797  12604585  12616563  12782575  12945728  12611133  12795124  12641060'
b'   12749795  12607281  12619113  12785411  12947919  12613637  12797722  12643531'
b'   12751127  12608509  12620333  12786616  12948881  12614531  12798909  12644732'
b'   12752654  12610088  12621960  12788143  12950396  12615946  12800458  12646021'
b'   12754114  12611647  12623386  12789529  12951583  12617249  12801971  12647368'
b'   12756117  12613546  12625395  12791322  12953463  12619085  12803733  12649129'
b'   12756674  12614089  12625922  12791945  12954031  12619474  12804267  12649546'
b'   12758606  12616081  12627977  12793850  12955984  12621313  12806218  12651455'
b'   12760350  12617875  12629674  12795559  12957746  12622929  12807924  12652963'
b'   12762884  12620381  12632284  12798007  12960423  12625524  12810475  12655549'
b'   12763693  12621195  12633063  12798849  12961136  12626282  12811295  12656233'
b'   12764319  12622031  12633733  12799526  12961964  12626835  12811895  12656846'
b'   12764740  12622326  12634158  12799720  12962598  12627228  12812261  12657122'
b'   12766744  12624445  12636258  12801743  12964919  12629182  12814330  12659007'
b'   12766760  12624493  12636537  12801743  12965270  12629328  12814473  12658986'
b'   12769597  12627710  12639722  12804734  12968975  12632639  12817655  12662063'
b'   12771106  12629202  12641073  12806059  12970724  12634184  12819121  12663378'
b'   12770676  12628603  12640542  12805648  12970700  12633725  12818613  12662914'
b'   12772665  12630295  12642136  12807480  12972791  12635498  12820300  12664615'
b'   12773422  12630826  12642721  12808125  12973499  12636083  12820805  12665054'
b'   12775124  12632412  12644134  12809683  12975017  12637541  12822212  12666586'
b'   12775639  12632532  12644128  12810035  12975122  12637596  12822380  12666713'
b'   12777301  12633973  12645465  12811538  12976288  12638911  12823654  12668134'
b'   12777990  12634338  12645681  12811698  12976122  12639055  12823937  12668460'
b'   12778083  12634179  12645560  12811879  12975541  12638733  12823830  12668393'
b'   12779157  12635588  12646895  12812937  12976354  12639796  12825157  12669564'
b'   12779495  12635943  12647443  12813246  12976526  12639947  12825508  12669783'
b'   12780930  12637449  12648955  12814811  12977844  12641327  12826778  12671146'
b'   12781591  12638050  12649507  12815508  12978407  12641739  12827307  12671658'
b'   12782607  12639325  12650714  12816623  12979415  12642833  12828372  12672786'
b'   12782900  12639586  12651092  12816975  12979766  12643068  12828682  12672894'
b'   12783861  12640595  12652045  12817888  12980709  12643897  12829666  12673789'
b'   12784594  12641242  12652868  12818702  12981479  12644644  12830394  12674575'
b'   12784478  12641245  12652889  12818600  12981612  12644467  12830269  12674380'
b'   12785261  12642241  12653772  12819529  12982675  12645447  12831275  12675223'
b'   12785516  12642452  12654170  12819758  12983189  12645732  12831499  12675335'
b'   12786292  12643404  12655108  12820639  12984318  12646739  12832616  12676188'
b'   12787284  12644660  12656483  12821764  12986141  12648095  12833848  12677348'
b'   12788659  12646295  12658127  12823266  12987967  12649823  12835309  12678780'
b'   12789251  12646969  12658780  12823836  12989074  12650547  12836040  12679402'
b'   12789335  12646748  12658644  12823849  12989687  12650732  12835982  12679294'
b'   12788637  12645870  12657783  12823170  12989293  12649902  12835195  12678459'
b'   12790515  12647702  12659524  12824980  12991167  12651762  12836947  12680367'
b'   12790582  12647321  12658990  12824772  12991043  12651413  12836700  12680013'
b'   12791406  12648101  12659631  12825561  12991521  12651979  12837280  12680560'
b'   12792175  12648639  12660129  12826205  12991983  12652361  12837758  12681006'
b'   12792543  12648535  12659900  12826403  12991270  12652150  12837639  12681037'
b'   12792736  12648777  12660100  12826568  12991041  12652028  12837649  12681034'
b'   12792466  12648551  12659744  12826204  12990359  12651529  12837330  12680629'
b'   12794314  12650478  12661780  12828124  12991693  12653192  12839046  12682443'
b'   12794790  12651088  12662436  12828721  12992114  12653660  12839655  12683007'
b'   12795292  12651605  12663045  12829176  12992356  12654144  12840161  12683565'
b'   12795391  12651858  12663306  12829361  12992329  12654179  12840345  12683572'
b'   12796416  12652879  12664316  12830359  12993359  12655248  12841477  12684495'
b'   12797313  12653925  12665420  12831326  12994357  12656162  12842426  12685437'
b'   12796937  12653647  12665217  12831065  12994091  12655798  12842042  12685177'
b'   12797825  12654544  12666069  12831987  12995068  12656667  12842992  12685998'
b'   12797826  12654620  12666180  12831943  12995441  12656816  12843103  12686028'
b'   12797356  12654294  12665920  12831614  12995167  12656429  12842661  12685619'
b'   12797498  12654504  12666242  12831873  12995720  12656768  12843037  12685763'
b'   12798563  12655900  12667691  12833068  12997634  12658345  12844507  12687038'
b'   12799095  12656597  12668509  12833815  12998926  12659335  12845267  12687878'
b'   12798839  12656421  12668337  12833476  12999184  12659272  12845159  12687690'
b'   12799873  12657287  12669147  12834501  13000870  12660476  12846131  12688603'
b'   12800241  12657479  12669429  12834761  13001394  12660706  12846399  12689041'
b'   12800832  12657753  12669640  12835210  13001944  12661124  12846608  12689305'
b'   12801466  12658224  12669988  12835745  13002500  12661688  12846979  12689661'
b'   12801318  12657878  12669571  12835507  13002144  12661263  12846559  12689329'
b'   12802092  12658108  12669576  12836015  13001763  12661298  12846555  12689366'
b'   12801984  12657841  12669241  12835793  13001181  12660667  12846182  12688969'
b'   12802511  12658268  12669706  12836480  13001183  12661034  12846614  12689415'
b'   12802424  12658306  12669764  12836353  13000326  12660584  12846297  12689142'
b'   12802723  12658688  12670311  12836797  13000537  12660929  12846825  12689663'
b'   12802280  12658417  12669769  12836459  13000056  12660371  12846473  12689150'
b'   12802435  12658555  12670286  12836608  12999878  12660368  12846607  12689312'
b'   12803786  12659966  12671616  12837865  13001138  12661812  12847957  12690709'
b'   12803501  12659805  12671429  12837719  13000775  12661393  12847711  12690365'
b'   12803332  12659906  12671601  12837720  13000765  12661483  12847729  12690385'
b'   12803893  12660432  12672139  12838160  13001261  12661943  12848312  12690906'
b'   12804803  12661602  12673284  12839265  13002466  12663158  12849503  12691978'
b'   12805263  12662054  12673870  12839601  13003194  12663638  12850100  12692425'
b'   12806557  12663395  12675257  12840911  13004502  12665047  12851256  12693851'
b'   12806541  12663543  12675588  12841022  13005268  12665480  12851669  12694013'
b'   12807036  12664183  12676206  12841518  13006221  12666271  12852388  12694697'
b'   12806214  12663422  12675437  12840761  13006058  12665645  12851892  12694013'
b'   12806016  12663403  12675466  12840749  13007094  12666029  12851909  12694018'
b'   12807414  12664680  12676712  12841983  13008751  12667585  12853282  12695412'
b'   12807420  12664525  12676541  12842036  13008999  12667568  12853141  12695291'
b'   12808294  12665159  12677131  12842878  13010042  12668410  12853755  12696046'
b'   12808607  12665236  12677205  12843194  13010246  12668419  12853855  12696201'
b'   12807598  12663965  12675855  12842117  13009162  12667208  12852621  12694863'
b'   12807475  12663431  12675126  12841807  13008105  12666341  12851914  12694264'
b'   12808895  12664742  12676347  12843203  13008858  12667312  12853130  12695609'
b'   12808943  12664704  12676247  12843102  13008297  12666992  12852789  12695522'
b'   12809084  12664906  12676381  12843362  13007570  12666817  12852778  12695527'
b'   12808803  12664724  12676470  12843127  13007206  12666596  12852661  12695301'
b'   12808836  12664974  12676569  12843232  13007012  12666545  12852730  12695397'
b'   12809062  12665344  12676902  12843567  13006886  12666613  12852937  12695490'
b'   12809111  12665287  12677072  12843597  13006774  12666661  12853060  12695552'
b'   12808435  12664742  12676610  12843009  13006181  12666048  12852500  12694952'
b'   12808800  12665122  12677061  12843401  13006468  12666349  12852943  12695277'
b'   12809426  12665829  12677779  12844065  13007205  12667052  12853634  12695934'
b'   12809302  12666009  12677922  12844157  13007348  12667166  12853759  12695954'
b'   12809950  12666702  12678592  12844782  13008195  12667829  12854328  12696442'
b'   12809763  12666559  12678490  12844562  13008252  12667950  12854333  12696378'
b'   12811148  12668189  12680293  12846207  13010357  12669760  12856107  12698040'
b'   12811256  12668517  12680661  12846402  13010956  12670266  12856379  12698167'
b'   12811813  12669113  12681537  12846941  13012080  12671081  12857131  12698672'
b'   12811812  12669347  12681684  12847093  13013293  12671701  12857510  12698878'
b'   12812618  12670112  12682418  12847920  13014568  12672665  12858401  12699809'
b'   12812211  12669556  12681768  12847500  13014489  12672237  12857843  12699252'
b'   12811744  12668838  12680974  12846902  13014386  12671735  12857163  12698695'
b'   12811756  12668642  12680679  12846763  13014304  12671536  12856860  12698563'
b'   12812287  12668771  12680756  12847285  13014305  12671575  12856967  12698862'
b'   12812587  12668801  12680692  12847464  13014144  12671511  12856889  12698971'
b'   12812796  12668852  12680685  12847614  13013864  12671351  12856998  12699055'
b'   12813003  12668788  12680519  12847698  13012802  12670850  12857035  12699006'
b'   12813000  12668846  12680573  12847772  13012293  12670642  12857091  12698859'
b'   12812964  12668909  12680719  12847798  13012031  12670531  12857137  12698949'
b'   12813774  12669811  12681638  12848487  13012253  12671163  12857934  12699614'
b'   12813056  12669305  12681235  12848015  13011477  12670515  12857364  12698973'
b'   12813199  12669321  12681217  12848181  13011250  12670389  12857373  12699020'
b'   12812465  12668776  12680739  12847537  13010529  12669794  12856873  12698450'
b'   12812793  12669209  12681188  12847904  13010928  12670158  12857341  12698765'
b'   12812693  12669093  12681159  12847797  13010878  12670071  12857249  12698704'
b'   12813821  12670477  12682554  12849146  13012282  12671495  12858631  12699941'
b'   12813293  12669956  12682155  12848594  13011970  12671047  12858107  12699401'
b'   12814280  12671118  12683345  12849545  13013071  12672216  12859226  12700526'
b'   12813968  12670809  12683142  12849323  13013329  12672196  12859091  12700224'
b'   12814414  12671365  12683707  12849826  13014300  12672875  12859760  12700867'
b'   12813859  12671180  12683640  12849407  13015065  12672990  12859762  12700674'
b'   12814097  12671662  12684210  12849854  13015962  12673763  12860318  12701109'
b'   12814641  12672059  12684473  12850268  13017179  12674487  12860966  12701580'
b'   12813977  12671181  12683539  12849616  13017092  12673941  12860190  12700752'
b'   12814739  12671837  12684115  12850410  13017994  12674676  12860615  12701554'
b'   12814571  12671382  12683661  12850028  13017756  12674192  12860124  12701149'
b'   12815581  12672072  12684206  12850933  13018128  12674740  12860432  12701724'
b'   12816029  12671867  12684061  12851020  13017820  12674507  12860154  12701953'
b'   12816213  12671218  12683424  12850669  13016951  12673783  12859412  12701866'
b'   12818009  12671082  12683349  12850858  13015921  12673326  12859731  12703115'
b'   12818741  12670012  12682397  12849982  13014514  12671914  12857840  12703587'
b'   12821879  12669790  12682589  12850189  13014067  12671856  12857309  12706563'
b'   12823880  12669062  12682059  12849570  13012792  12670822  12856331  12708030'
b'   12824933  12668798  12681869  12849575  13012476  12670578  12856101  12709340'
b'   12826364  12668706  12681700  12849334  13011887  12669992  12855642  12710067'
b'   12827130  12669019  12681897  12849600  13012025  12670159  12855823  12710795'
b'   12828245  12669280  12682181  12849973  13012383  12670393  12855968  12711797'
b'   12827599  12668064  12681169  12848926  13011356  12669177  12854897  12711450'
b'   12829191  12668799  12681823  12849638  13012155  12669818  12855399  12712896'
b'   12830177  12668638  12681772  12849404  13012013  12669507  12855060  12713184'
b'   12829664  12667493  12680730  12848407  13011419  12668577  12854097  12712670'
b'   12832110  12669514  12682590  12850279  13013662  12670522  12856219  12715297'
b'   12832514  12669221  12682535  12849970  13013829  12670487  12856192  12715890'
b'   12832679  12669683  12683159  12850230  13015299  12671335  12856908  12716800'
b'   12831493  12669118  12682510  12849603  13015307  12671091  12856657  12715994'
b'   12832414  12669609  12682976  12850235  13016481  12671923  12857297  12717155'
b'   12833969  12670739  12683931  12851476  13018271  12673246  12858370  12718627'
b'   12832539  12668876  12682083  12849959  13016955  12671529  12856631  12717061'
b'   12833056  12668668  12681727  12849905  13016895  12671329  12856199  12717142'
b'   12833255  12668760  12681648  12850083  13016819  12671208  12856194  12717134'
b'   12833348  12668762  12681428  12850141  13016553  12671015  12855971  12716906'
b'   12833473  12668290  12680872  12849829  13015021  12669895  12854985  12715767'
b'   12833316  12668380  12680888  12850014  13014625  12669685  12854931  12715589'
b'   12834035  12669378  12681830  12850807  13014905  12670345  12855881  12716296'
b'   12833775  12669905  12682218  12851031  13014445  12670322  12856130  12715989'
b'   12833449  12669359  12681684  12850649  13013632  12669477  12855354  12715461'
b'   12834282  12670449  12682724  12852265  13014504  12670325  12856172  12716034'
b'   12833300  12668949  12681405  12851936  13013830  12668928  12854760  12714992'
b'   12833822  12669604  12681915  12854036  13015501  12669464  12855392  12715631'
b'   12833217  12668729  12680779  12855482  13016722  12668435  12854549  12714813'
b'   12833254  12668459  12680428  12858004  13019069  12668176  12854211  12714727'
b'   12833167  12668061  12679506  12860671  13021466  12667754  12853619  12714248'
b'   12833229  12667389  12678356  12864980  13024969  12666822  12852643  12713421'
b'   12831955  12665516  12676172  12869720  13027974  12664556  12850414  12711546'
b'   12831902  12664715  12675289  12874688  13030976  12663687  12849440  12711406'
b'   12830964  12663608  12674224  12877477  13033046  12662717  12848371  12710596'
b'   12830706  12662977  12673913  12880172  13034891  12662352  12847557  12710236'
b'   12829825  12661731  12672702  12880644  13035623  12661384  12846311  12709242'
b'   12831440  12662771  12674022  12883543  13038436  12662993  12847349  12710919'
b'   12831379  12662008  12673502  12883253  13038643  12662733  12846779  12710432'
b'   12830787  12661008  12672584  12882631  13038249  12661830  12845620  12710020'
b'   12832455  12661759  12673284  12883549  13039130  12662826  12846289  12711254'
b'   12831948  12660881  12672510  12881210  13037619  12662262  12845213  12710515'
b'   12832465  12660712  12672332  12881603  13037369  12662029  12844904  12710866'
b'   12831809  12659288  12671050  12881331  13035756  12660299  12843240  12709967'
b'   12832014  12659095  12670961  12881412  13035170  12659907  12842869  12709997'
b'   12832142  12658721  12670707  12881665  13034120  12659228  12842317  12710339'
b'   12831518  12657707  12669918  12881263  13033041  12657923  12841394  12709836'
b'   12833919  12659780  12671682  12881964  13033767  12659635  12842921  12711715'
b'   12834719  12660364  12671982  12881623  13033332  12659785  12843299  12712201'
b'   12833308  12658435  12670690  12881032  13032353  12658299  12841620  12710877'
b'   12833969  12658471  12670541  12881051  13032274  12658070  12841373  12710788'
b'   12834553  12659393  12671682  12882407  13033312  12659031  12842376  12712248'
b'   12834183  12659602  12672101  12881294  13032858  12659565  12842981  12712774'
b'   12832551  12660237  12673174  12878630  13030987  12660463  12844048  12712481'
b'   12831950  12662171  12675143  12877647  13031382  12662690  12846430  12712881'
b'   12831479  12663679  12676628  12875691  13031026  12664427  12848375  12712122'
b'   12830686  12666528  12679615  12872461  13030080  12667618  12851404  12711824'
b'   12830904  12669855  12683409  12870193  13030153  12671723  12855320  12713204'
b'   12829243  12671141  12684884  12867885  13029428  12673316  12857039  12712153'
b'   12829013  12672414  12685877  12868784  13031113  12674593  12858583  12712441'
b'   12829231  12673399  12686725  12868459  13032318  12675999  12859812  12712794'
b'   12828584  12674344  12687907  12866139  13030972  12677273  12860939  12712435'
b'   12828222  12675383  12689002  12865049  13030729  12678642  12861975  12712314'
b'   12827746  12676725  12690567  12863439  13029927  12680029  12863422  12712096'
b'   12826505  12677539  12691204  12862754  13029308  12680443  12864206  12711110'
b'   12826327  12678287  12691442  12863109  13028537  12680358  12864541  12710315'
b'   12825320  12677527  12690527  12862236  13026998  12679337  12863780  12709078'
b'   12825042  12677569  12690442  12862044  13026151  12678945  12863672  12708529'
b'   12826196  12679206  12692152  12863414  13026527  12680201  12865043  12709800'
b'   12825306  12678577  12691532  12862730  13025515  12679356  12864395  12708946'
b'   12825361  12678875  12691739  12862893  13025329  12679443  12864667  12708980'
b'   12825132  12678955  12691887  12862851  13024833  12679268  12864806  12708912'
b'   12825057  12679070  12692057  12863052  13024812  12679362  12864973  12708861'
b'   12825529  12679712  12692705  12863507  13025197  12679992  12865564  12709385'
b'   12825394  12679782  12692732  12863634  13025188  12679990  12865805  12709400'
b'   12825736  12680216  12693409  12864097  13025641  12680509  12866298  12709870'
b'   12825526  12680157  12693277  12864092  13025637  12680519  12866156  12709740'
b'   12825913  12680764  12693942  12864629  13026592  12681217  12866974  12710356'
b'   12825274  12680204  12693381  12864043  13026326  12680790  12866488  12709805'
b'   12824603  12679655  12692923  12863488  13026082  12680359  12866078  12709239'
b'   12825636  12681034  12694546  12864789  13028442  12682240  12867785  12710781'
b'   12825635  12681303  12694799  12865040  13029325  12682865  12868274  12711027'
b'   12825458  12680963  12694544  12864840  13030461  12683226  12868286  12710969'
b'   12825081  12680513  12694013  12864615  13030670  12682935  12867822  12710125'
b'   12826192  12681647  12695003  12865790  13032064  12684021  12868714  12711326'
b'   12826097  12681035  12694366  12865458  13031944  12683805  12868376  12710968'
b'   12825482  12680217  12693536  12864881  13031218  12682986  12867553  12710265'
b'   12825629  12680171  12693394  12865040  13031039  12682713  12867259  12710232'
b'   12826710  12680770  12693710  12865862  13030679  12682862  12867695  12710821'
b'   12825951  12679753  12692727  12865038  13029187  12681597  12866592  12709916'
b'   12826009  12680429  12692886  12864992  13028661  12681425  12866538  12709700'
b'   12825034  12679340  12692251  12864474  13027040  12680432  12865867  12708923'
b'   12826088  12680393  12693401  12865602  13027790  12681437  12866862  12709904'
b'   12824903  12679429  12692441  12864852  13026417  12680154  12865777  12708794'
b'   12825074  12679746  12692750  12864859  13026125  12680222  12865943  12708958'
b'   12825786  12680473  12693654  12865619  13026839  12681076  12866790  12709709'
b'   12826499  12681200  12694442  12866421  13027602  12681860  12867592  12710486'
b'   12825241  12680107  12693444  12865397  13026686  12680769  12866467  12709326'
b'   12825464  12680496  12693836  12865775  13027052  12681234  12866908  12709483'
b'   12825846  12680848  12694333  12866164  13027479  12681619  12867187  12709848'
b'   12825615  12680799  12694176  12866031  13027992  12681857  12867346  12709753'
b'   12826386  12681746  12695044  12866949  13029109  12682814  12868238  12710675'
b'   12825515  12680812  12694341  12866121  13028797  12682212  12867584  12709879'
b'   12825215  12680814  12694515  12866030  13029829  12682687  12867741  12709822'
b'   12826141  12681842  12695551  12867045  13031230  12683847  12868673  12710886'
b'   12826877  12682483  12696232  12867770  13032396  12684628  12869335  12711517'
b'   12825973  12681293  12694998  12866795  13031964  12683751  12868244  12710526'
b'   12826666  12681950  12695475  12867449  13032529  12684346  12868790  12711256'
b'   12825995  12680959  12694435  12866689  13031728  12683364  12867880  12710204'
b'   12825856  12680640  12694093  12866493  13031251  12683003  12867555  12709958'
b'   12826009  12680585  12694046  12866563  13031139  12682950  12867634  12710062'
b'   12825638  12680146  12693466  12866218  13030104  12682033  12866668  12709287'
b'   12826001  12680391  12693747  12866497  13029994  12682247  12866789  12709583'
b'   12825363  12679852  12693163  12866023  13028919  12681431  12866336  12708989'
b'   12824768  12679430  12692818  12865540  13028477  12681045  12866035  12708400'
b'   12826407  12681214  12694658  12867314  13030307  12682970  12867717  12710257'
b'   12826124  12680801  12694280  12866963  13030190  12682820  12867484  12709843'
b'   12826002  12680809  12694335  12866905  13030202  12682661  12867335  12709833'
b'   12825453  12680108  12693647  12866352  13029630  12682016  12866861  12709310'
b'   12826294  12681026  12694614  12867410  13030593  12682961  12867733  12710220'
b'   12826592  12681276  12694881  12867416  13030792  12683139  12867905  12710374'
b'   12826502  12681216  12694802  12867330  13030718  12683206  12867811  12710313'
b'   12826505  12681180  12694753  12867428  13030842  12683214  12867878  12710374'
b'   12826562  12681282  12694802  12867494  13030821  12683263  12867980  12710521'
b'   12825848  12680508  12694014  12866788  13030172  12682452  12867119  12709770'
b'   12826431  12681002  12694566  12867242  13030772  12682979  12867695  12710346'
b'   12826770  12681350  12694887  12867548  13031066  12683346  12867990  12710734'
b'   12826475  12681083  12694691  12867242  13030765  12682916  12867592  12710465'
b'   12827188  12681764  12695378  12868082  13031507  12683838  12868340  12711150'
b'   12826886  12681382  12695037  12867763  13031215  12683356  12868109  12710771'
b'   12827504  12682024  12695692  12868412  13031892  12684043  12868670  12711423'
b'   12826914  12681340  12694946  12867841  13031286  12683373  12867990  12710541'
b'   12826113  12680523  12694228  12867211  13030563  12682655  12867121  12709747'
b'   12827014  12681525  12695089  12868127  13031362  12683489  12868129  12710586'
b'   12827312  12681772  12695514  12868442  13031678  12683880  12868322  12710857'
b'   12826763  12681245  12695038  12867936  13031230  12683384  12867761  12710369'
b'   12826287  12680942  12694523  12867601  13030871  12682995  12867418  12709904'
