b'   12050097  11930555  11952951  11975165  12195656  12002642  12158163  11955796'
b'   12091250  11968020  11988967  12013271  12234606  12037775  12197505  11993352'
b'   12171778  12039134  12057184  12086103  12308568  12105572  12276133  12063885'
b'   12203284  12065961  12082765  12113699  12336689  12131611  12307390  12090215'
b'   12221857  12081914  12097998  12129992  12353345  12147147  12325934  12105659'
b'   12233836  12091925  12107526  12140415  12364094  12157188  12337808  12115543'
b'   12242458  12098922  12114350  12147891  12371586  12164239  12346130  12122468'
b'   12249374  12104803  12119949  12153822  12377881  12170062  12352907  12128130'
b'   12253604  12107950  12123028  12157230  12381543  12173265  12356835  12131203'
b'   12259782  12113366  12128207  12162719  12387102  12178596  12362711  12136602'
b'   12264172  12117266  12132102  12166680  12391098  12182599  12367001  12140347'
b'   12267595  12120059  12134790  12169603  12394216  12185418  12370360  12142973'
b'   12270834  12122891  12137538  12172402  12397339  12188161  12373252  12145750'
b'   12273689  12125516  12140002  12174970  12399925  12190638  12376081  12148117'
b'   12276498  12127894  12142267  12177374  12402476  12192980  12378720  12150446'
b'   12278133  12129294  12143666  12178812  12404046  12194195  12380266  12151646'
b'   12279878  12130617  12144966  12180192  12405582  12195563  12381668  12152974'
b'   12282648  12133135  12147436  12182704  12408166  12198126  12384309  12155442'
b'   12285354  12135831  12150112  12185447  12410863  12200700  12387028  12157889'
b'   12287089  12137322  12151510  12186990  12412431  12202161  12388569  12159232'
b'   12288185  12138229  12152502  12187879  12413524  12202938  12389744  12160167'
b'   12290500  12140462  12154664  12189997  12415729  12205065  12391842  12162277'
b'   12291513  12141315  12155509  12190844  12416602  12205959  12392827  12162892'
b'   12292422  12142154  12156305  12191755  12417573  12206626  12393749  12163718'
b'   12294452  12144083  12158306  12193669  12419475  12208448  12395628  12165538'
b'   12295838  12145398  12159505  12194944  12420721  12209709  12396907  12166633'
b'   12297073  12146395  12160509  12196068  12421840  12210619  12398032  12167587'
b'   12297801  12146969  12161091  12196574  12422429  12211185  12398470  12168090'
b'   12299461  12148467  12162709  12198220  12424179  12212659  12400149  12169531'
b'   12300687  12149628  12163605  12199339  12425228  12213637  12401275  12170636'
b'   12300315  12149020  12163062  12198820  12424731  12213079  12400737  12169984'
b'   12301058  12149640  12163697  12199485  12425527  12213644  12401430  12170551'
b'   12302722  12151222  12165254  12201066  12427008  12215156  12402946  12171990'
b'   12303528  12151941  12166007  12201721  12427792  12215784  12403694  12172667'
b'   12304935  12153366  12167394  12203223  12429235  12217145  12405105  12174034'
b'   12305561  12154126  12168083  12203883  12429878  12217640  12405786  12174520'
b'   12305398  12153807  12167779  12203651  12429662  12217387  12405588  12174212'
b'   12306393  12154703  12168640  12204514  12430531  12218259  12406372  12175010'
b'   12307293  12155663  12169571  12205426  12431481  12219012  12407311  12175879'
b'   12308507  12156767  12170812  12206657  12432743  12220130  12408471  12177010'
b'   12309465  12157673  12171761  12207575  12433569  12221059  12409351  12177792'
b'   12310307  12158446  12172419  12208346  12434399  12221688  12410042  12178339'
b'   12310848  12158920  12172875  12208801  12434894  12222099  12410618  12178831'
b'   12310741  12158906  12172879  12208748  12434856  12222128  12410514  12178646'
b'   12311224  12159408  12173308  12209250  12435400  12222437  12410901  12179041'
b'   12310687  12158867  12172739  12208722  12435020  12221893  12410502  12178544'
b'   12312151  12160190  12174207  12210154  12436369  12223188  12411902  12179820'
b'   12312936  12160999  12174957  12210892  12437116  12223894  12412537  12180459'
b'   12313967  12162011  12175943  12211877  12438041  12224860  12413528  12181364'
b'   12314593  12162734  12176669  12212453  12438747  12225477  12414146  12181942'
b'   12314417  12162455  12176474  12212430  12438677  12225295  12414081  12181805'
b'   12315556  12163432  12177427  12213439  12439566  12226119  12415005  12182898'
b'   12315041  12162909  12176786  12212830  12438977  12225523  12414389  12182155'
b'   12315996  12163637  12177599  12213776  12439908  12226313  12415149  12182893'
b'   12315000  12162781  12176725  12212846  12439082  12225272  12414290  12181885'
b'   12315585  12163254  12177211  12213500  12439652  12225780  12414812  12182171'
b'   12316705  12164499  12178519  12214720  12440900  12227058  12416065  12183317'
b'   12315929  12163646  12177715  12214128  12440173  12226185  12415251  12182473'
b'   12317064  12164748  12178845  12215092  12441138  12227300  12416285  12183433'
b'   12318868  12166743  12180646  12216923  12443012  12229021  12418150  12185219'
b'   12317651  12165389  12179340  12215638  12441740  12227662  12416804  12183900'
b'   12318878  12166679  12180558  12216868  12443018  12228806  12418132  12185107'
b'   12319201  12166872  12180925  12217222  12443359  12229135  12418321  12185396'
b'   12318693  12166353  12180350  12216660  12442838  12228601  12417735  12184859'
b'   12319097  12166658  12180660  12216982  12443163  12228847  12417996  12185157'
b'   12321167  12168859  12182864  12219032  12445173  12230935  12420162  12187311'
b'   12320803  12168414  12182510  12218643  12444897  12230500  12419698  12186843'
b'   12321157  12168756  12182709  12218884  12445168  12230735  12419959  12187128'
b'   12321702  12169310  12183144  12219472  12445577  12231197  12420520  12187572'
b'   12322044  12169700  12183569  12219893  12445960  12231527  12420822  12188015'
b'   12322907  12170455  12184557  12220706  12446867  12232387  12421674  12188791'
b'   12322334  12169831  12183813  12220017  12446216  12231664  12421069  12188052'
b'   12321146  12168728  12182694  12218855  12445333  12230545  12419996  12186941'
b'   12323576  12171138  12185141  12221366  12447578  12232928  12422235  12189274'
b'   12324123  12171775  12185705  12221951  12448188  12233460  12422792  12189824'
b'   12324213  12171688  12185734  12222082  12448190  12233538  12422883  12189844'
b'   12323757  12171204  12185363  12221509  12447734  12232909  12422437  12189310'
b'   12325030  12172429  12186435  12222719  12448933  12234078  12423459  12190445'
b'   12324334  12171693  12185656  12222158  12448329  12233410  12422786  12189634'
b'   12323181  12170322  12184422  12220883  12447188  12232124  12421654  12188313'
b'   12324181  12171350  12185311  12221962  12448129  12232975  12422597  12189238'
b'   12325212  12172338  12186277  12223010  12449114  12233997  12423548  12190273'
b'   12324896  12171988  12186043  12222771  12448865  12233747  12423282  12189973'
b'   12325378  12172579  12186522  12223281  12449409  12234278  12423727  12190431'
b'   12324653  12171699  12185827  12222534  12448600  12233414  12422969  12189603'
b'   12324661  12171706  12185811  12222554  12448694  12233360  12422985  12189499'
b'   12325042  12172107  12186234  12222868  12449063  12233768  12423414  12189913'
b'   12326887  12174084  12188100  12224839  12450939  12235605  12425225  12191800'
b'   12326542  12173779  12187787  12224454  12450630  12235154  12424870  12191399'
b'   12326269  12173571  12187637  12224283  12450362  12234942  12424698  12191171'
b'   12327426  12174949  12189006  12225597  12451817  12236389  12426107  12192496'
b'   12326702  12174207  12188392  12224956  12451110  12235598  12425374  12191726'
b'   12327321  12174819  12188965  12225473  12451727  12236138  12425884  12192289'
b'   12326949  12174552  12188575  12225149  12451398  12235748  12425532  12191950'
b'   12328280  12175914  12190114  12226475  12452812  12237179  12426790  12193151'
b'   12329191  12177223  12191311  12227418  12453982  12238484  12428205  12194207'
b'   12328439  12176335  12190494  12226638  12453346  12237731  12427679  12193501'
b'   12328657  12176637  12190812  12227015  12453727  12238097  12427971  12193812'
b'   12328669  12176537  12190777  12227060  12453680  12238025  12427819  12193836'
b'   12329036  12176705  12190927  12227212  12453910  12238225  12427989  12193948'
b'   12330197  12177777  12191993  12228391  12454949  12239116  12428918  12195073'
b'   12330341  12177583  12191702  12228384  12454728  12238976  12428671  12194972'
b'   12329908  12177159  12191140  12227914  12454385  12238371  12428136  12194424'
b'   12330906  12177950  12192000  12228809  12455096  12239147  12428888  12195457'
b'   12330810  12177504  12191462  12228570  12454633  12238543  12428209  12195033'
b'   12330333  12177026  12190930  12228173  12454071  12237963  12427654  12194568'
b'   12329997  12176802  12190699  12227861  12453805  12237597  12427368  12194116'
b'   12330667  12177270  12191311  12228457  12454259  12238095  12427895  12194618'
b'   12330569  12177315  12191402  12228518  12454406  12238241  12428052  12194585'
b'   12328748  12175461  12189535  12226740  12452582  12236332  12426326  12192641'
b'   12329063  12175870  12190085  12227240  12453075  12236768  12426719  12193160'
b'   12330844  12177748  12191815  12228986  12454837  12238580  12428592  12195194'
b'   12330949  12177681  12191902  12229027  12454903  12238643  12428761  12195477'
b'   12329995  12177064  12191217  12228263  12454219  12237915  12428322  12194872'
b'   12330481  12177298  12191617  12228709  12454634  12238419  12429261  12195911'
b'   12330906  12177782  12192082  12229072  12455254  12238947  12429957  12196479'
b'   12331463  12178457  12193151  12230082  12456033  12239676  12431001  12197480'
b'   12332100  12179162  12193793  12231027  12456724  12240451  12431770  12198117'
b'   12331586  12178855  12193402  12230318  12456205  12239583  12431233  12197519'
b'   12332756  12180307  12195025  12231632  12457407  12241101  12432994  12198942'
b'   12333269  12180881  12195762  12232341  12458126  12242020  12434081  12199755'
b'   12333601  12181903  12196842  12233163  12458595  12242871  12435200  12200086'
b'   12332775  12181050  12195964  12232335  12457960  12242759  12434820  12199436'
b'   12332450  12180613  12195584  12232111  12457976  12242974  12434728  12199192'
b'   12332889  12180786  12195636  12232536  12458631  12243950  12435357  12199175'
b'   12335370  12182797  12197216  12234267  12460346  12245718  12436509  12200360'
b'   12334096  12181559  12196191  12233501  12459202  12244773  12435231  12199272'
b'   12334139  12181316  12195836  12233252  12458688  12244326  12434845  12198961'
b'   12333691  12180781  12195228  12232856  12457988  12243058  12433963  12198363'
b'   12332996  12179895  12194272  12231911  12456972  12240967  12431840  12197114'
b'   12333091  12179604  12193777  12231225  12456700  12240021  12430024  12195928'
b'   12333333  12179902  12194109  12231464  12457040  12240248  12430464  12196332'
b'   12334021  12180806  12195015  12232193  12457764  12241176  12431245  12197125'
b'   12333880  12180756  12194963  12232191  12457863  12241136  12431143  12197099'
b'   12333674  12180557  12194844  12232016  12457716  12240991  12430999  12196888'
b'   12333870  12180749  12194976  12232108  12457963  12241164  12431329  12197048'
b'   12335023  12181982  12196255  12233391  12459141  12242325  12432542  12198314'
b'   12335025  12182006  12196300  12233173  12459110  12242392  12432524  12198241'
b'   12334306  12181478  12195794  12232815  12458625  12241840  12432109  12197716'
b'   12334911  12182023  12196402  12233385  12459268  12242499  12432746  12198346'
b'   12335542  12182819  12197149  12233989  12460029  12243321  12433470  12199095'
b'   12334359  12181632  12196092  12232933  12459066  12242350  12432574  12197966'
b'   12334567  12181982  12196251  12233142  12459239  12242533  12432859  12198273'
b'   12333932  12181250  12195623  12232534  12458698  12241839  12432353  12197478'
b'   12334979  12182406  12196851  12233583  12459867  12243262  12433929  12198776'
b'   12334371  12181985  12196437  12233200  12459707  12243517  12434199  12198710'
b'   12335626  12183231  12197726  12234298  12460931  12244611  12435293  12200028'
b'   12335905  12183610  12198095  12234584  12461286  12244746  12435263  12200185'
b'   12336576  12184064  12198643  12235148  12461804  12245138  12435602  12200591'
b'   12335880  12183127  12197834  12234700  12461415  12245272  12436389  12200971'
b'   12335773  12182947  12198155  12235431  12461781  12245558  12436609  12201140'
b'   12336694  12183743  12198952  12236413  12462337  12246473  12437230  12201548'
b'   12336427  12183584  12198606  12236238  12461578  12245657  12436414  12200890'
b'   12338353  12185361  12200315  12237851  12462554  12246893  12437350  12201865'
b'   12337696  12184570  12199438  12236970  12461282  12245729  12435956  12200318'
b'   12338494  12185725  12200356  12237667  12461644  12246449  12436495  12200715'
b'   12338848  12185898  12200652  12237938  12461895  12247028  12436789  12200523'
b'   12338110  12185172  12199829  12237294  12461324  12246854  12436218  12199549'
b'   12339731  12186795  12201454  12239076  12462974  12248777  12437811  12200786'
b'   12339552  12186582  12201009  12238700  12462770  12248808  12437811  12200838'
b'   12339868  12186668  12201021  12238906  12463001  12249269  12438091  12200973'
b'   12339568  12186352  12200655  12238615  12462520  12249067  12437924  12200539'
b'   12340716  12187515  12201356  12239112  12462388  12249313  12440073  12203265'
b'   12339040  12185574  12199635  12237378  12460672  12247565  12438432  12201311'
b'   12341378  12187852  12201501  12238945  12461709  12248912  12440547  12204049'
b'   12341161  12187067  12200248  12238076  12461188  12248422  12440578  12204325'
b'   12342451  12188178  12201438  12239328  12462818  12250700  12442616  12205736'
b'   12342467  12188091  12201217  12239209  12462707  12250968  12443588  12206541'
b'   12343681  12189076  12202152  12240469  12464104  12252589  12445147  12208147'
b'   12343661  12189209  12202389  12240954  12464893  12253694  12445569  12208053'
b'   12344097  12190007  12203522  12242025  12466397  12255627  12447398  12209016'
b'   12343621  12190045  12203512  12241848  12466521  12255458  12447063  12208250'
b'   12342130  12188619  12202211  12241078  12465632  12254412  12445407  12206535'
b'   12343744  12190575  12204507  12243380  12467817  12256537  12447120  12208139'
b'   12345417  12192250  12206188  12245283  12469321  12258092  12448852  12210050'
b'   12344996  12191741  12205602  12244538  12468892  12257811  12448380  12209536'
b'   12344886  12191582  12205530  12244931  12469310  12258465  12448625  12209392'
b'   12344631  12191085  12205052  12244841  12468940  12258146  12448044  12208902'
b'   12345740  12191552  12205289  12245458  12469450  12258876  12448738  12209979'
b'   12344107  12189754  12203147  12243748  12467802  12257279  12447503  12208720'
b'   12343082  12188466  12201778  12242230  12466479  12256291  12446681  12207691'
b'   12342840  12188158  12201323  12242134  12467134  12257532  12447653  12208054'
b'   12343971  12189130  12202940  12245586  12470733  12261947  12451231  12210619'
b'   12342655  12187671  12201968  12244805  12471698  12264431  12453148  12211026'
b'   12342018  12186792  12201463  12245137  12472932  12267067  12455340  12211702'
b'   12342649  12187790  12202341  12245515  12472856  12266914  12455841  12212462'
b'   12342574  12187510  12201785  12244718  12471406  12265437  12455341  12212346'
b'   12343589  12188568  12202886  12245807  12472915  12266837  12456346  12213107'
b'   12343139  12188251  12202371  12244961  12471423  12265579  12455445  12212389'
b'   12344219  12189208  12203242  12245307  12471010  12265165  12455834  12213451'
b'   12344660  12189949  12203964  12246048  12471470  12265263  12455646  12213207'
b'   12345714  12191094  12204935  12246666  12471727  12265639  12456441  12214187'
b'   12345226  12190416  12204223  12245928  12470949  12264786  12455802  12213606'
b'   12345685  12190810  12204566  12246462  12471684  12265626  12456409  12213968'
b'   12345441  12190670  12204407  12246431  12472124  12266177  12456391  12213668'
b'   12345196  12190385  12204284  12246457  12472628  12266901  12456769  12213706'
b'   12345703  12190944  12205055  12247400  12474422  12268769  12458309  12215035'
b'   12344730  12189239  12203327  12246705  12474195  12268907  12458286  12215121'
b'   12344701  12188554  12202737  12247087  12475644  12270701  12459370  12215880'
b'   12347410  12190672  12205185  12250499  12479873  12275944  12462937  12219057'
b'   12343581  12186320  12200985  12247222  12476782  12272679  12458714  12214759'
b'   12342373  12184780  12199601  12246694  12476657  12272190  12457238  12213143'
b'   12342445  12184639  12199504  12246891  12476400  12272195  12456920  12212944'
b'   12341531  12183532  12198098  12245845  12475075  12270377  12455123  12211603'
b'   12342075  12183674  12198223  12246134  12474869  12269483  12454832  12212509'
b'   12341249  12182618  12197227  12245451  12473049  12267631  12453226  12211377'
b'   12341937  12183120  12197832  12245746  12472462  12266897  12453045  12212079'
b'   12341006  12182051  12196570  12244394  12470808  12264065  12451386  12211549'
b'   12343448  12184453  12199209  12247009  12473130  12266844  12453636  12214055'
b'   12342480  12183288  12198063  12245884  12471860  12265512  12452338  12212637'
b'   12341259  12181879  12196656  12244597  12470130  12263385  12450577  12211474'
b'   12343022  12183495  12198404  12246445  12471668  12265328  12451983  12213286'
b'   12342384  12182650  12197551  12245850  12471004  12264638  12451414  12212671'
b'   12342505  12182575  12197514  12245814  12470855  12264266  12451653  12213431'
b'   12342665  12182489  12197271  12246123  12470856  12264565  12451860  12213725'
b'   12341873  12181433  12196569  12245191  12469785  12264023  12451280  12213177'
b'   12342617  12182032  12197100  12246142  12470877  12265365  12452870  12214840'
b'   12343246  12182377  12197679  12246741  12470912  12265640  12453613  12215922'
b'   12342061  12180763  12195960  12245099  12468981  12264240  12452979  12215470'
b'   12342325  12180814  12195932  12245383  12469344  12264593  12453474  12216348'
b'   12344338  12182936  12198183  12247639  12471663  12266994  12455535  12218465'
b'   12344586  12182792  12197974  12247759  12471637  12266800  12455468  12218677'
b'   12343994  12181453  12196879  12247063  12470662  12265929  12454374  12217759'
b'   12344991  12182128  12197490  12248216  12471490  12267013  12455184  12219295'
b'   12344441  12181290  12196453  12247890  12470937  12266640  12454309  12218235'
b'   12345358  12182259  12197610  12248646  12471706  12267347  12454779  12218549'
b'   12345902  12182991  12198205  12248751  12471319  12266642  12455407  12220479'
b'   12345677  12184817  12200362  12247482  12468623  12263576  12454025  12215517'
b'   12348157  12191420  12206894  12248598  12465953  12257211  12449799  12209144'
b'   12350224  12195457  12210033  12248483  12465169  12248553  12440565  12204385'
b'   12351163  12196949  12211228  12249016  12465759  12248490  12439378  12203901'
b'   12351225  12197418  12211617  12249080  12466429  12248765  12439546  12204316'
b'   12350535  12196966  12211195  12248355  12466149  12248509  12439228  12203967'
b'   12350827  12197524  12211817  12248791  12467024  12249389  12440051  12204784'
b'   12349967  12196767  12211073  12247920  12466590  12248851  12439420  12204081'
b'   12351166  12198269  12212371  12249054  12468143  12250409  12441051  12205755'
b'   12350684  12197707  12212000  12248661  12467960  12250287  12440904  12205561'
b'   12351283  12198478  12212754  12249208  12468999  12251480  12442051  12206531'
b'   12351538  12198742  12213005  12249418  12469494  12251916  12442469  12207054'
b'   12351240  12198485  12212706  12249198  12469580  12252062  12442703  12207028'
b'   12351055  12198472  12212632  12248974  12469809  12252272  12442917  12207248'
b'   12349991  12197355  12211683  12247962  12469072  12251518  12442252  12206456'
b'   12350320  12197831  12212065  12248360  12469714  12252229  12443043  12207127'
b'   12350128  12197653  12212055  12248220  12469774  12252386  12443145  12207147'
b'   12350460  12198282  12212669  12248629  12470677  12253383  12444244  12207935'
b'   12350378  12198221  12212744  12248629  12471123  12253760  12444713  12208218'
b'   12350873  12198755  12213265  12249016  12471799  12254657  12445511  12209071'
b'   12350497  12198293  12212757  12248550  12471552  12254353  12445114  12208811'
b'   12350630  12198102  12212517  12248574  12471648  12254376  12445244  12208984'
b'   12350103  12197606  12211886  12248261  12471348  12253993  12444870  12208652'
b'   12349978  12197206  12211660  12248101  12471230  12253802  12444660  12208448'
b'   12349140  12196232  12210643  12247123  12470351  12252855  12443868  12207716'
b'   12350476  12197298  12211567  12248410  12471456  12253800  12444703  12208901'
b'   12349538  12196252  12210461  12247351  12470453  12252736  12443552  12207963'
b'   12350079  12196627  12210835  12247923  12470902  12253239  12444064  12208501'
b'   12349820  12196256  12210566  12247684  12470467  12252960  12443767  12208124'
b'   12348866  12195420  12209743  12246909  12469740  12252225  12443018  12207360'
b'   12350498  12197168  12211452  12248460  12471515  12254010  12444816  12209062'
b'   12350262  12197084  12211371  12248282  12471484  12253989  12444883  12209073'
b'   12349461  12196281  12210642  12247651  12470893  12253488  12444291  12208330'
b'   12350218  12197144  12211450  12248474  12471752  12254486  12445320  12209367'
b'   12350690  12197463  12211871  12248778  12472215  12254894  12445876  12209787'
b'   12350038  12196943  12211286  12248250  12471822  12254519  12445512  12209332'
b'   12350413  12197297  12211714  12248585  12472333  12255043  12446196  12209923'
b'   12350059  12196895  12211415  12248243  12472067  12254916  12445988  12209684'
b'   12349778  12196688  12211088  12247898  12472016  12254878  12445922  12209377'
b'   12349620  12196649  12210990  12247854  12472031  12254830  12446024  12209504'
b'   12350097  12197107  12211734  12248265  12472582  12255591  12446707  12210106'
b'   12349502  12196670  12211330  12247790  12472444  12255418  12446433  12209792'
b'   12350026  12197345  12211934  12248421  12473339  12256231  12447314  12210519'
b'   12348834  12196260  12210795  12247257  12472455  12255401  12446534  12209567'
b'   12349486  12196837  12211381  12247840  12473157  12256010  12447237  12210399'
b'   12349777  12197013  12211448  12247953  12473260  12256226  12447373  12210609'
b'   12349583  12196703  12211169  12247941  12473188  12255953  12447112  12210408'
b'   12350081  12196838  12211308  12248272  12473461  12256187  12447301  12210873'
b'   12350230  12196903  12211442  12248516  12473632  12256303  12447272  12211000'
b'   12349247  12195819  12210192  12247556  12472649  12255158  12446194  12209915'
b'   12349680  12195978  12210438  12247978  12472915  12255481  12446387  12210279'
b'   12350346  12196514  12210867  12248519  12473175  12255749  12446504  12210751'
b'   12350383  12196508  12210834  12248370  12473157  12255819  12446490  12210693'
b'   12350682  12196792  12211237  12248847  12473599  12256326  12447089  12211227'
b'   12349974  12196263  12210772  12248229  12473267  12256008  12447086  12210853'
b'   12350494  12196775  12211243  12248800  12473795  12256599  12447523  12211370'
b'   12350509  12196904  12211390  12248823  12473873  12256817  12447770  12211397'
b'   12350723  12197131  12211678  12249111  12474214  12257108  12448052  12211644'
b'   12350292  12196883  12211399  12248619  12473940  12256781  12447779  12211323'
b'   12350048  12196604  12211306  12248449  12473848  12256645  12447617  12211155'
b'   12350050  12196684  12211135  12248420  12473895  12256722  12447672  12211215'
b'   12349775  12196405  12211008  12248271  12473681  12256561  12447532  12211004'
b'   12350308  12197054  12211639  12248837  12474310  12257263  12448202  12211583'
b'   12350609  12197432  12212024  12249176  12474723  12257674  12448552  12211893'
b'   12350588  12197415  12212036  12249078  12474659  12257641  12448682  12211920'
b'   12350257  12197112  12211720  12248799  12474483  12257492  12448380  12211628'
b'   12349651  12196584  12211277  12248264  12474094  12256934  12447858  12210961'
b'   12350198  12197151  12211755  12248622  12474488  12257443  12448422  12211420'
b'   12350037  12196793  12211536  12248469  12474435  12257268  12448267  12211323'
b'   12350434  12197293  12211863  12248998  12474825  12257804  12448664  12211977'
b'   12350287  12196980  12211676  12248928  12474622  12257541  12448445  12211835'
b'   12349517  12196135  12210731  12248167  12474062  12256890  12447707  12211008'
b'   12350200  12196908  12211489  12248944  12474701  12257550  12448478  12211753'
