b'   12381288  12226442  12279335  12531068  12704564  12296167  12452663  12296588'
b'   12414053  12257959  12310143  12565320  12737922  12325447  12484900  12325858'
b'   12479225  12318203  12368826  12628982  12801631  12381832  12551449  12387363'
b'   12505869  12342231  12392531  12654130  12827089  12404525  12579366  12412251'
b'   12522787  12357632  12407572  12669995  12843147  12419481  12597129  12428263'
b'   12532445  12366053  12415958  12678883  12852523  12427662  12607509  12437266'
b'   12541313  12374053  12423795  12686938  12861052  12435569  12616989  12446352'
b'   12548889  12380811  12430645  12693801  12868203  12442240  12625220  12454061'
b'   12553123  12384294  12434047  12697328  12872127  12445823  12629659  12458547'
b'   12558574  12389317  12438941  12702175  12877285  12450761  12635218  12464177'
b'   12561343  12391755  12441355  12704710  12880075  12453200  12638200  12467164'
b'   12565106  12395262  12444843  12708402  12883731  12456609  12641952  12470409'
b'   12568290  12398146  12447687  12711226  12886769  12459512  12645258  12473305'
b'   12571403  12401434  12452084  12714174  12889726  12462969  12648563  12476136'
b'   12573150  12403588  12454711  12716513  12892232  12465405  12650989  12477676'
b'   12574965  12405114  12456052  12718328  12894269  12467386  12653028  12479083'
b'   12577131  12407437  12458280  12720833  12896747  12469691  12655281  12480650'
b'   12577215  12407163  12457663  12720497  12896379  12469200  12655073  12479859'
b'   12580794  12410077  12459596  12722967  12899101  12471604  12658245  12483230'
b'   12581618  12411243  12462065  12724035  12900394  12474375  12660102  12484141'
b'   12582616  12412903  12464062  12725525  12902267  12476654  12662334  12485373'
b'   12584769  12414622  12464910  12726863  12903552  12477523  12663887  12487161'
b'   12586043  12415009  12464270  12727483  12904033  12476581  12663970  12487932'
b'   12586997  12415804  12464897  12728057  12904844  12477160  12664905  12489038'
b'   12588762  12417301  12466276  12729359  12906185  12478604  12666392  12490910'
b'   12589090  12417378  12466199  12729234  12906248  12478666  12666728  12491219'
b'   12590955  12419236  12467930  12731006  12908085  12480475  12668579  12493160'
b'   12591191  12419347  12468032  12731007  12908223  12480511  12668853  12493536'
b'   12592830  12420949  12469520  12732140  12909604  12481997  12670571  12495326'
b'   12593199  12421203  12469754  12732317  12909991  12482284  12670923  12495855'
b'   12595737  12423754  12472241  12734526  12912274  12484766  12673590  12498631'
b'   12596624  12424634  12472982  12735108  12913078  12485624  12674360  12499497'
b'   12597061  12425039  12473273  12735603  12913504  12486053  12674971  12499975'
b'   12598090  12426055  12474302  12736431  12914356  12486927  12675893  12500905'
b'   12598508  12426485  12474641  12736771  12914558  12487165  12676275  12501057'
b'   12598611  12426473  12474596  12736801  12914489  12487255  12676237  12500698'
b'   12597824  12425606  12473677  12735937  12913683  12486211  12675288  12499546'
b'   12598161  12425950  12473917  12736224  12913885  12486464  12675560  12499704'
b'   12597755  12425575  12473527  12735792  12913369  12485978  12675204  12498891'
b'   12599149  12426976  12474775  12736977  12914500  12487221  12676532  12500177'
b'   12600896  12428712  12476349  12738308  12915896  12488783  12678213  12501722'
b'   12600460  12428159  12475863  12737749  12915344  12488204  12677648  12501302'
b'   12601429  12429056  12476802  12738515  12916066  12489138  12678514  12502179'
b'   12602157  12429788  12477513  12739011  12916806  12489772  12679310  12502888'
b'   12603245  12430862  12478436  12739913  12917535  12490814  12680273  12503999'
b'   12603482  12431057  12478640  12739819  12917634  12490909  12680562  12504189'
b'   12603290  12430870  12478339  12739542  12917315  12490568  12680409  12503978'
b'   12603540  12431230  12478648  12739668  12917548  12490938  12680785  12504348'
b'   12604118  12431608  12479011  12739910  12917910  12491183  12681097  12504853'
b'   12604964  12432667  12480080  12740625  12918814  12492304  12682319  12506057'
b'   12605710  12433342  12480776  12741149  12919346  12492908  12682950  12506930'
b'   12606951  12434897  12482679  12742145  12920519  12494701  12684545  12508265'
b'   12606656  12434695  12482616  12741935  12920354  12494569  12684452  12508296'
b'   12605161  12432785  12480341  12740051  12918683  12492488  12682765  12506696'
b'   12607327  12435092  12482657  12742233  12920673  12494849  12684980  12508825'
b'   12607176  12434721  12481834  12741647  12920129  12494061  12684418  12508489'
b'   12606549  12434461  12482294  12741520  12919698  12494451  12684138  12507383'
b'   12607419  12435393  12483164  12742382  12920712  12495559  12685252  12508252'
b'   12605941  12433906  12481751  12741052  12919359  12494011  12683628  12506254'
b'   12607336  12435378  12482760  12742295  12920394  12495224  12685071  12507318'
b'   12607448  12435906  12483942  12742708  12920698  12496192  12685420  12507066'
b'   12607444  12436297  12484555  12742712  12920862  12496877  12686010  12507125'
b'   12606951  12436250  12484896  12742286  12920643  12497468  12686367  12506704'
b'   12608395  12437717  12486112  12743458  12921624  12498612  12687642  12508138'
b'   12608251  12437203  12485372  12742887  12921170  12497803  12687330  12507973'
b'   12608319  12437081  12485187  12742644  12920914  12497670  12687212  12507976'
b'   12608671  12437267  12484806  12742769  12920948  12496924  12686964  12508254'
b'   12609049  12437602  12485017  12742744  12921040  12497241  12687332  12508736'
b'   12609714  12438030  12485138  12743070  12921332  12497158  12687591  12509412'
b'   12608397  12436547  12483730  12741621  12920014  12495740  12686337  12508051'
b'   12609376  12437345  12484123  12742136  12920629  12496051  12686808  12509047'
b'   12610475  12438688  12485611  12743216  12921513  12497290  12687847  12510261'
b'   12609839  12437791  12484271  12742193  12920635  12495913  12686972  12509837'
b'   12610201  12437808  12484308  12742073  12920717  12495835  12687117  12510409'
b'   12609753  12437167  12483411  12741275  12920047  12495130  12686624  12510012'
b'   12610580  12437839  12483952  12741859  12920579  12495707  12687200  12510789'
b'   12611720  12438783  12484921  12742728  12921359  12496673  12687987  12512024'
b'   12610827  12437839  12483796  12741525  12920242  12495368  12686928  12511195'
b'   12611149  12438016  12484051  12741835  12920288  12495563  12687145  12511319'
b'   12611113  12438085  12483880  12741766  12920197  12495543  12687034  12510952'
b'   12610497  12437629  12483593  12741376  12919568  12494975  12686286  12509564'
b'   12609072  12436190  12482183  12740091  12918027  12493513  12684721  12507664'
b'   12610773  12438058  12483821  12741598  12919410  12494967  12686152  12508915'
b'   12609987  12437145  12483041  12740726  12918520  12494168  12685407  12507999'
b'   12610661  12437898  12483682  12741151  12919041  12494761  12686124  12508483'
b'   12610602  12437865  12483551  12741004  12918930  12494682  12685820  12508294'
b'   12610882  12438034  12483829  12741027  12918952  12494790  12685857  12508446'
b'   12611147  12438298  12484091  12741166  12919138  12495062  12686201  12508765'
b'   12610999  12438056  12483819  12740746  12918730  12494647  12685953  12508566'
b'   12611039  12438040  12483634  12740493  12918566  12494612  12685871  12508466'
b'   12610436  12437441  12483032  12739786  12917882  12494054  12685388  12508055'
b'   12611115  12438032  12483491  12740136  12918400  12494445  12685864  12508804'
b'   12611980  12438903  12484391  12740707  12919121  12495291  12686893  12509864'
b'   12612484  12439258  12484675  12740980  12919245  12495556  12687422  12510503'
b'   12613338  12439939  12485395  12741208  12919902  12496226  12688218  12511961'
b'   12613210  12439708  12485043  12740736  12919621  12495998  12688215  12512238'
b'   12612098  12438494  12483839  12739597  12918402  12494801  12686952  12511311'
b'   12612510  12439012  12484285  12739984  12918782  12495225  12687478  12511899'
b'   12612699  12439343  12484495  12740149  12918890  12495519  12687610  12512048'
b'   12612117  12438827  12483967  12739686  12918346  12494824  12686987  12511344'
b'   12612223  12438951  12484078  12739726  12918204  12494865  12686868  12511170'
b'   12612046  12438949  12484163  12739814  12917978  12494761  12686688  12510179'
b'   12611491  12438444  12483657  12739496  12917335  12494315  12686074  12509321'
b'   12609577  12436634  12481795  12737616  12915487  12492341  12684147  12506975'
b'   12610952  12437880  12483121  12738635  12916533  12493402  12685332  12507872'
b'   12611165  12438140  12483297  12738623  12916484  12493565  12685474  12507800'
b'   12611673  12438654  12483709  12739029  12916842  12494110  12686048  12508125'
b'   12612665  12439683  12484830  12739873  12917656  12494948  12687047  12508895'
b'   12611131  12438007  12483121  12738149  12916062  12493353  12685523  12507389'
b'   12611219  12438163  12483261  12738186  12916102  12493452  12685575  12507554'
b'   12611206  12437986  12483050  12737837  12915834  12493192  12685505  12507411'
b'   12611415  12438292  12483255  12737950  12916035  12493434  12686075  12507839'
b'   12611367  12438101  12482939  12737508  12915421  12493060  12685905  12507790'
b'   12612568  12439247  12484160  12738498  12916438  12494262  12686893  12509034'
b'   12611860  12438528  12483331  12737567  12915753  12493460  12686271  12508584'
b'   12611985  12438383  12483271  12737213  12915661  12493358  12686391  12509222'
b'   12612576  12438820  12483715  12737483  12916171  12493854  12686994  12510367'
b'   12613420  12439726  12484420  12738060  12916881  12494720  12687863  12511715'
b'   12613409  12439696  12484396  12737905  12916925  12494726  12687782  12512021'
b'   12612894  12439345  12483954  12737490  12916574  12494324  12687482  12511831'
b'   12612671  12438987  12483602  12737134  12916146  12493983  12686963  12511434'
b'   12611784  12438237  12482875  12736458  12915295  12493120  12686069  12510385'
b'   12611888  12438505  12483074  12736845  12915272  12493270  12686056  12509955'
b'   12610781  12437447  12482015  12735896  12914190  12492258  12684868  12508281'
b'   12611118  12437997  12482602  12736170  12914291  12492508  12685072  12507934'
b'   12610747  12437665  12482315  12735920  12913607  12492065  12684559  12506725'
b'   12610976  12437747  12482305  12735902  12913452  12492011  12684583  12506696'
b'   12610875  12437694  12482177  12735554  12913197  12491836  12684531  12506396'
b'   12610835  12437521  12482135  12735398  12912896  12491786  12684337  12506226'
b'   12610528  12437546  12482337  12735114  12912544  12492456  12685026  12505680'
b'   12609844  12437077  12481887  12734456  12912136  12492422  12684963  12505057'
b'   12609697  12436996  12481736  12734009  12911855  12492353  12684930  12505166'
b'   12611081  12438404  12483175  12735212  12913080  12493977  12686450  12506543'
b'   12610320  12437732  12482731  12734391  12912458  12493750  12686095  12506038'
b'   12610748  12438330  12483296  12734660  12912717  12494586  12686798  12506362'
b'   12610865  12438795  12484080  12734578  12912902  12496033  12687886  12506643'
b'   12611432  12439589  12484939  12734932  12913784  12497635  12689874  12508109'
b'   12610818  12439762  12485421  12734254  12913602  12499322  12691063  12508200'
b'   12611247  12440785  12486683  12734571  12914349  12501325  12692765  12509248'
b'   12611447  12441734  12488109  12734879  12915029  12503591  12694568  12510264'
b'   12610387  12441604  12488603  12734074  12914549  12505054  12695177  12509321'
b'   12610288  12442565  12490215  12734271  12914948  12507490  12696657  12509281'
b'   12610434  12443921  12492209  12735127  12916091  12510505  12698806  12509426'
b'   12609612  12444049  12492884  12734795  12915492  12511202  12698836  12508188'
b'   12608894  12444674  12493831  12734694  12915237  12512564  12699706  12507046'
b'   12608570  12445461  12495225  12734791  12915118  12513404  12700045  12506223'
b'   12606531  12445280  12495808  12733240  12913602  12514097  12700243  12503422'
b'   12607472  12447052  12497969  12734440  12914435  12515653  12701575  12503928'
b'   12607159  12447413  12498622  12734167  12914170  12515803  12701708  12503228'
b'   12608187  12449630  12501439  12735348  12915191  12517963  12703593  12504040'
b'   12607178  12449534  12501049  12734484  12914654  12517678  12703312  12503282'
b'   12607598  12451375  12503827  12735162  12915462  12520858  12705742  12503563'
b'   12607389  12451684  12504275  12735033  12915471  12522061  12706464  12503372'
b'   12607865  12452639  12505601  12735481  12916084  12523299  12707426  12503805'
b'   12606996  12453035  12506271  12735045  12915920  12524569  12708104  12502989'
b'   12606846  12453491  12507009  12735102  12916060  12525819  12709150  12503058'
b'   12607381  12455386  12509711  12735496  12917076  12528041  12711005  12504023'
b'   12606477  12455483  12509985  12734881  12916716  12528636  12711555  12503721'
b'   12606189  12455860  12510509  12734519  12916738  12529089  12711817  12504033'
b'   12607711  12458170  12512686  12735795  12918273  12531275  12713871  12505905'
b'   12608113  12459272  12514199  12736359  12919023  12532500  12714999  12507204'
b'   12607456  12459901  12515248  12736132  12919039  12533487  12715638  12506650'
b'   12607652  12461350  12517152  12736690  12919699  12535479  12716976  12507094'
b'   12607328  12461866  12517815  12737005  12920152  12536944  12717887  12506630'
b'   12606172  12461162  12517076  12736212  12919238  12536703  12717370  12505265'
b'   12606190  12462383  12518687  12736892  12919623  12537900  12718415  12504700'
b'   12605510  12462552  12519013  12736390  12918963  12537539  12717975  12503425'
b'   12605212  12463310  12520021  12736594  12918504  12537914  12718153  12502124'
b'   12605605  12463742  12520517  12736689  12918452  12537620  12717874  12502112'
b'   12605552  12464337  12521252  12736934  12918547  12537930  12718093  12501695'
b'   12606167  12464848  12521564  12737021  12919167  12538341  12718816  12503277'
b'   12605278  12464167  12521143  12736191  12918252  12537188  12717827  12502198'
b'   12605687  12465157  12522522  12736505  12918617  12538464  12718689  12502614'
b'   12604532  12464413  12521866  12735435  12917571  12537610  12717920  12501437'
b'   12605559  12465977  12523688  12736497  12918517  12538909  12719079  12502382'
b'   12605433  12466142  12523592  12736530  12918635  12539365  12719224  12502301'
b'   12604198  12465451  12523433  12735301  12917481  12538837  12718519  12500991'
b'   12605207  12467086  12525121  12736380  12918405  12539890  12719489  12501825'
b'   12604801  12466879  12525105  12735793  12917866  12539453  12719079  12501497'
b'   12605863  12468748  12527128  12737029  12919031  12540989  12720424  12502443'
b'   12605073  12468204  12526820  12736286  12918223  12540672  12719813  12501757'
b'   12606137  12469685  12528256  12737362  12919279  12541883  12721262  12502716'
b'   12605245  12469488  12528369  12736777  12918453  12541637  12720679  12501801'
b'   12604782  12469650  12528846  12736403  12918087  12541602  12720442  12501150'
b'   12604392  12469364  12528828  12735873  12917579  12541452  12720008  12500459'
b'   12604277  12469260  12528740  12736023  12917635  12541772  12720038  12500302'
b'   12604836  12470662  12530520  12736412  12917839  12542389  12720652  12500577'
b'   12604138  12470705  12530775  12736013  12917511  12542615  12720600  12499813'
b'   12604860  12471883  12532653  12736709  12918114  12543672  12721856  12500282'
b'   12604853  12472716  12533418  12736990  12918523  12544042  12722151  12500436'
b'   12604474  12473040  12533935  12736838  12918344  12543902  12722226  12500027'
b'   12604864  12474334  12535678  12737334  12918703  12544904  12722705  12500371'
b'   12604331  12474509  12536177  12737007  12918055  12544566  12722395  12499709'
b'   12603901  12475349  12537179  12737000  12917855  12544622  12722248  12499116'
b'   12604901  12476979  12539259  12737987  12918719  12546170  12723477  12500078'
b'   12604054  12476646  12538870  12737493  12918392  12545891  12723158  12499281'
b'   12603151  12475487  12537744  12736544  12917573  12545397  12722444  12498288'
b'   12604391  12477573  12539744  12738012  12918735  12546594  12723420  12499496'
b'   12604348  12478183  12540680  12738284  12918973  12547379  12723564  12499436'
b'   12603716  12477935  12540114  12737882  12918557  12546981  12723102  12498955'
b'   12605061  12479407  12541625  12739301  12919727  12548439  12724454  12500159'
b'   12604366  12478956  12541263  12738628  12919229  12548068  12723915  12499461'
b'   12603679  12478618  12541055  12737988  12918529  12547360  12723059  12498633'
b'   12602996  12478635  12541323  12737436  12918078  12547499  12722777  12497786'
b'   12602999  12478710  12541175  12737583  12918240  12547605  12722883  12497760'
b'   12603751  12480268  12542817  12738416  12919081  12548554  12723767  12498619'
b'   12603652  12480273  12542753  12738465  12919072  12548590  12723948  12498291'
b'   12602997  12479712  12542573  12737449  12917993  12547631  12722962  12497262'
b'   12602947  12480156  12543027  12737655  12918113  12547810  12723120  12497263'
b'   12603296  12480433  12543203  12738036  12918545  12548288  12723515  12497643'
b'   12603996  12481162  12543710  12738833  12919201  12549520  12724515  12498456'
b'   12603901  12480669  12543052  12738348  12918879  12548674  12723956  12498184'
b'   12602916  12479569  12542230  12737424  12917771  12547248  12722497  12497045'
b'   12602575  12478806  12540954  12736871  12917436  12546030  12721740  12496740'
b'   12603361  12478116  12539049  12737101  12917402  12543599  12720533  12497691'
b'   12603780  12478691  12539686  12737474  12917402  12542817  12720017  12497854'
b'   12603544  12477935  12538479  12736946  12916719  12541926  12719221  12497549'
b'   12604057  12478379  12539045  12737295  12917509  12543300  12720210  12498111'
b'   12602411  12476626  12537327  12735717  12915901  12541789  12718675  12496469'
b'   12604052  12478792  12539884  12737191  12917291  12543473  12720198  12497900'
b'   12604130  12480102  12542086  12737429  12917439  12545136  12721096  12497789'
b'   12603914  12479546  12541418  12737227  12917438  12545157  12721153  12497649'
b'   12604241  12480298  12542329  12737660  12918153  12546876  12722218  12498039'
b'   12604053  12480405  12542225  12737759  12918183  12546941  12722380  12497903'
b'   12603758  12481813  12544029  12737749  12918090  12546991  12722357  12497486'
b'   12604232  12481028  12542406  12737748  12918067  12545978  12721945  12498028'
b'   12602582  12476519  12536252  12735301  12915705  12540655  12718086  12496374'
b'   12603182  12475900  12535417  12735459  12915547  12538922  12717107  12497082'
b'   12602479  12471426  12529200  12733930  12914128  12534377  12714078  12496578'
b'   12603016  12469729  12526688  12733535  12913693  12532087  12712463  12497144'
b'   12603124  12466688  12522387  12732594  12912507  12527840  12709614  12497051'
b'   12604307  12464228  12517810  12732703  12912321  12522421  12706627  12498343'
b'   12605105  12461150  12512838  12732348  12911788  12517459  12703424  12499378'
b'   12604384  12450440  12497307  12728691  12908304  12503148  12693605  12499223'
b'   12606133  12446233  12491037  12728955  12907759  12496433  12687939  12500140'
b'   12606692  12444841  12488930  12728640  12907346  12494662  12686370  12500610'
b'   12605808  12442496  12486170  12727056  12905747  12492191  12684176  12499644'
b'   12606393  12442101  12485410  12726920  12905513  12491590  12683691  12500154'
b'   12606533  12441458  12484557  12726634  12905144  12490826  12683115  12500216'
b'   12606015  12440346  12483242  12725588  12904253  12489728  12682008  12499685'
b'   12606511  12440080  12482965  12725628  12904107  12489454  12681922  12500069'
b'   12606822  12440030  12482784  12725624  12904218  12489342  12681955  12500560'
b'   12606705  12439485  12482071  12725123  12903594  12488722  12681368  12500249'
b'   12606682  12439225  12481622  12724860  12903262  12488405  12681412  12500358'
b'   12606073  12438094  12480698  12723846  12902368  12487377  12680241  12499699'
b'   12605358  12437084  12479498  12722885  12901337  12486183  12679324  12499039'
b'   12606311  12437920  12480231  12723666  12902086  12486977  12679906  12499934'
b'   12606212  12437524  12479779  12723278  12901476  12486522  12679612  12499723'
b'   12606575  12437772  12479847  12723313  12901689  12486647  12679541  12499890'
b'   12606662  12437255  12479442  12722748  12902012  12486571  12679660  12502044'
b'   12604877  12435528  12477646  12721269  12900048  12484686  12677644  12499464'
b'   12605422  12436167  12478247  12721968  12900245  12485153  12677904  12499316'
b'   12605359  12436052  12478171  12721957  12899879  12484913  12677676  12498533'
b'   12606377  12436604  12478577  12722026  12900056  12485353  12678299  12499293'
b'   12606991  12437080  12479024  12722390  12900282  12485827  12678749  12499941'
b'   12606593  12436386  12478316  12721636  12899612  12485042  12678188  12499322'
b'   12604998  12434608  12476587  12719850  12897887  12483277  12676411  12497750'
b'   12604101  12433713  12475579  12719041  12897024  12482246  12675357  12496442'
b'   12604610  12433984  12475877  12719133  12896933  12482521  12675499  12496213'
b'   12604094  12433171  12475165  12718408  12896203  12481607  12674965  12495446'
b'   12605345  12434341  12476071  12719168  12897044  12482552  12675950  12496560'
b'   12605411  12434146  12475918  12718954  12896812  12482370  12675745  12496880'
b'   12605593  12434195  12475976  12718957  12896940  12482600  12675782  12497052'
b'   12604989  12433600  12475430  12718329  12896420  12481907  12675023  12496588'
b'   12605123  12433574  12475181  12717960  12896301  12481858  12675173  12497492'
b'   12605037  12433153  12474846  12717393  12895872  12481485  12675103  12497936'
b'   12606054  12434201  12475635  12718124  12896707  12482479  12676058  12499656'
b'   12606470  12434385  12475801  12718033  12896680  12482688  12676347  12500674'
b'   12606097  12434045  12475408  12717792  12896321  12482315  12676070  12500834'
b'   12606513  12434188  12475622  12717892  12896245  12482534  12676290  12501185'
b'   12605932  12433809  12475312  12717647  12895981  12482238  12675993  12500708'
b'   12603400  12431634  12473067  12715559  12893680  12479871  12673539  12497599'
b'   12604326  12432453  12473981  12716492  12894463  12480853  12674180  12498023'
b'   12603271  12431541  12473029  12715602  12893438  12479778  12672957  12496123'
b'   12603144  12431239  12472906  12715452  12893088  12479472  12672573  12494716'
b'   12603001  12431106  12472737  12715194  12892883  12479414  12672370  12494476'
b'   12603169  12431446  12472935  12715430  12893032  12479647  12672486  12494627'
b'   12602930  12431120  12472728  12714953  12892580  12479372  12672228  12494224'
b'   12602016  12430107  12471730  12713905  12891679  12478344  12671245  12493084'
b'   12602520  12430607  12472198  12714294  12892033  12478840  12671635  12493535'
b'   12601954  12429872  12471527  12713470  12891315  12478074  12670897  12492722'
b'   12602252  12430272  12471744  12713674  12891533  12478480  12671432  12493154'
b'   12602575  12430478  12472032  12713774  12891699  12478778  12671795  12494206'
b'   12602551  12430411  12471981  12713514  12891526  12478549  12671639  12494240'
b'   12601263  12429068  12470548  12712281  12890176  12477280  12670360  12493165'
b'   12601977  12429800  12471306  12712896  12890803  12477988  12671108  12494132'
b'   12602157  12429988  12471651  12712763  12890734  12478084  12671222  12494425'
b'   12602569  12430404  12471963  12712988  12891028  12478500  12671642  12495103'
b'   12601550  12429578  12471175  12711994  12889915  12477499  12670808  12494542'
b'   12602023  12429905  12471479  12712231  12890270  12477770  12670971  12494932'
b'   12602209  12430013  12471514  12712310  12890172  12477984  12671162  12495142'
b'   12601802  12429531  12471049  12711964  12889896  12477540  12670444  12493810'
b'   12600980  12428481  12470023  12710897  12888824  12476611  12669568  12492739'
b'   12601393  12428807  12470194  12711200  12889141  12476902  12669770  12493087'
b'   12601144  12428298  12469685  12710812  12888784  12476681  12669613  12492839'
b'   12600498  12427673  12468873  12710048  12887947  12476007  12668875  12492078'
b'   12600396  12427468  12468755  12709861  12887796  12475903  12668903  12492032'
b'   12600890  12428076  12469243  12710146  12888208  12476345  12669429  12492396'
b'   12600460  12427722  12468990  12709806  12887688  12475936  12669069  12492094'
b'   12599895  12427113  12468288  12708990  12887025  12475109  12668460  12491340'
