b'   12033320  11917352  11941274  11973270  12191548  11994735  12150678  11961508'
b'   12072343  11953493  11976403  12010468  12229174  12028731  12188494  11995046'
b'   12149791  12022525  12042898  12080537  12301369  12094658  12265239  12064240'
b'   12180978  12049714  12068886  12108200  12329775  12121116  12296800  12091363'
b'   12197905  12063880  12082530  12122527  12344737  12135112  12313781  12105560'
b'   12210162  12074283  12092572  12133197  12355792  12145594  12326045  12116162'
b'   12219572  12082198  12099939  12141117  12364210  12153439  12335429  12124747'
b'   12226496  12088068  12105648  12146995  12370409  12159312  12342237  12131010'
b'   12232344  12092829  12110286  12151777  12375543  12164188  12347822  12136100'
b'   12237913  12097915  12115303  12156979  12380904  12169357  12353366  12141431'
b'   12241529  12101086  12118251  12160237  12384256  12172411  12356937  12144347'
b'   12243294  12102540  12119637  12161747  12385944  12173845  12358594  12144718'
b'   12247100  12105811  12122933  12165108  12389549  12177075  12361905  12147566'
b'   12247528  12105876  12123074  12165469  12389935  12177271  12362521  12147554'
b'   12251250  12109376  12126379  12169058  12393422  12180675  12366133  12150753'
b'   12252704  12110655  12127685  12170395  12394893  12181941  12367595  12152019'
b'   12255396  12113139  12130086  12172937  12397488  12184457  12370248  12154353'
b'   12258283  12116018  12133003  12175831  12400289  12187278  12373046  12156862'
b'   12259836  12117454  12134421  12177184  12401774  12188577  12374579  12158025'
b'   12261216  12118511  12135558  12178287  12403059  12189631  12375924  12159114'
b'   12262571  12119761  12136631  12179546  12404243  12190772  12377128  12160101'
b'   12264586  12121470  12138315  12181288  12406133  12192542  12379016  12161896'
b'   12265514  12122466  12139318  12182202  12407192  12193405  12379896  12162646'
b'   12266528  12123300  12140166  12183052  12408118  12194178  12380945  12163435'
b'   12268218  12124977  12141789  12184706  12409888  12195775  12382635  12164977'
b'   12269922  12126543  12143392  12186319  12411438  12197201  12384162  12166453'
b'   12271039  12127557  12144321  12187229  12412455  12198182  12385219  12167403'
b'   12271455  12127763  12144639  12187583  12412825  12198374  12385661  12167568'
b'   12273435  12129911  12146658  12189529  12414892  12200273  12387615  12169660'
b'   12273584  12129939  12146662  12189575  12415073  12200405  12387708  12169497'
b'   12274712  12131093  12147792  12190645  12416168  12201409  12388903  12170768'
b'   12276040  12132318  12149016  12191826  12417452  12202567  12390046  12171991'
b'   12276410  12132660  12149323  12192181  12418000  12202866  12390441  12172148'
b'   12276546  12132793  12149471  12192334  12418158  12202933  12390530  12172443'
b'   12277597  12133700  12150365  12193239  12419137  12203862  12391556  12173400'
b'   12279025  12135046  12151792  12194735  12420537  12205128  12393003  12174849'
b'   12279303  12135274  12151960  12195010  12420741  12205336  12393169  12174881'
b'   12280592  12136570  12153208  12196203  12421927  12206557  12394369  12176040'
b'   12280491  12136408  12153033  12196246  12421868  12206271  12394373  12175833'
b'   12281403  12137364  12154080  12197317  12422811  12207174  12395241  12176623'
b'   12281542  12137493  12154124  12197374  12422923  12207159  12395253  12176428'
b'   12282477  12138367  12154898  12198259  12423762  12207993  12396130  12177194'
b'   12282803  12138602  12155244  12198627  12423811  12208028  12396263  12177519'
b'   12283811  12139644  12156319  12199672  12424933  12209068  12397337  12178494'
b'   12283617  12139299  12155945  12199350  12424555  12208586  12396932  12178052'
b'   12284527  12140329  12156894  12200319  12425727  12209588  12397932  12178841'
b'   12284518  12140254  12156854  12200178  12425839  12209774  12398040  12178704'
b'   12286625  12142393  12158973  12202421  12427863  12211718  12400015  12180664'
b'   12285985  12141879  12158469  12201757  12427385  12211145  12399634  12180162'
b'   12286526  12142237  12159034  12202164  12427865  12211546  12399925  12180440'
b'   12287851  12143625  12160249  12203626  12429183  12212748  12401119  12181697'
b'   12286131  12141836  12158433  12201828  12427514  12210988  12399519  12180002'
b'   12287571  12143278  12159932  12203187  12429020  12212413  12400936  12181256'
b'   12288931  12144610  12161252  12204438  12430319  12213642  12402292  12182494'
b'   12288732  12144515  12161144  12204275  12430266  12213541  12402193  12182502'
b'   12290104  12146156  12162762  12205672  12431778  12215086  12403883  12184068'
b'   12290128  12146195  12162814  12205634  12431853  12215268  12403902  12184098'
b'   12290204  12146144  12162742  12205671  12431934  12215119  12404040  12184120'
b'   12291658  12147621  12164252  12207122  12433337  12216674  12405321  12185649'
b'   12291358  12146922  12163523  12206655  12433002  12215984  12404838  12185151'
b'   12291671  12147078  12163684  12206910  12433136  12216077  12404855  12185278'
b'   12291525  12146871  12163357  12206882  12433039  12215897  12404573  12185108'
b'   12291475  12146515  12163199  12206762  12432864  12215571  12404352  12184866'
b'   12292198  12146935  12163575  12207438  12433201  12215879  12404601  12185332'
b'   12292800  12147397  12163932  12207832  12433543  12216158  12404759  12185591'
b'   12291832  12146290  12162808  12206870  12432611  12214875  12403664  12184466'
b'   12292754  12147379  12163920  12207928  12433467  12215848  12404455  12185183'
b'   12292517  12147103  12163657  12207654  12433257  12215587  12404309  12184908'
b'   12292222  12147083  12163664  12207654  12433217  12215527  12404275  12184759'
b'   12293975  12149008  12165635  12209406  12434942  12217316  12405986  12186476'
b'   12293382  12148383  12165049  12208778  12434350  12216643  12405519  12185843'
b'   12294149  12149155  12165637  12209453  12435106  12217238  12406143  12186411'
b'   12295706  12150664  12167307  12211158  12436718  12218928  12407714  12188041'
b'   12295294  12150586  12167139  12210841  12436516  12218613  12407553  12187756'
b'   12295344  12150284  12166981  12210645  12436357  12218394  12407474  12187598'
b'   12296096  12151091  12167712  12211402  12437137  12219268  12408243  12188465'
b'   12295581  12150648  12167290  12210878  12436734  12218758  12407858  12187963'
b'   12294925  12149983  12166511  12209989  12436126  12218120  12407198  12187244'
b'   12295763  12150852  12167523  12210814  12436948  12219057  12408130  12188128'
b'   12297494  12152793  12169493  12212702  12438894  12221085  12410186  12190058'
b'   12297920  12153378  12170062  12213176  12439424  12221550  12410857  12190515'
b'   12298205  12153579  12170229  12213331  12439742  12221923  12411175  12190973'
b'   12297804  12153210  12169898  12212966  12439472  12221538  12410889  12190688'
b'   12298377  12153557  12170121  12213380  12439774  12221893  12411188  12191071'
b'   12297805  12152676  12169412  12212660  12439104  12221014  12410325  12190323'
b'   12298639  12153338  12170002  12213461  12439894  12221557  12410912  12191049'
b'   12298325  12152932  12169559  12213194  12439471  12221115  12410401  12190636'
b'   12298830  12153342  12170071  12213797  12439952  12221471  12410765  12191023'
b'   12299097  12153364  12169902  12214033  12440038  12221402  12410473  12190865'
b'   12299266  12153444  12170015  12214327  12440147  12221486  12410417  12190954'
b'   12299857  12154012  12170554  12214895  12440609  12221920  12410906  12191394'
b'   12299380  12153588  12170137  12214369  12440033  12221414  12410390  12190823'
b'   12299301  12153548  12170198  12214399  12440067  12221355  12410333  12190575'
b'   12298813  12153071  12169839  12213941  12439686  12220798  12409916  12190113'
b'   12299030  12153384  12170056  12214247  12439924  12221072  12410215  12190326'
b'   12299531  12154088  12170771  12214856  12440528  12221775  12410978  12190877'
b'   12300203  12154734  12171432  12215409  12441132  12222355  12411546  12191492'
b'   12299239  12153774  12170545  12214562  12440337  12221552  12410723  12190608'
b'   12300004  12154532  12171295  12215198  12441070  12222252  12411533  12191361'
b'   12300872  12155436  12172245  12216167  12441976  12223148  12412421  12192130'
b'   12301491  12156101  12172864  12216699  12442608  12223815  12413042  12192909'
b'   12300581  12155224  12171949  12215825  12441688  12222954  12412203  12191924'
b'   12301394  12156036  12172932  12216549  12442586  12223792  12413167  12192808'
b'   12301147  12155959  12172773  12216324  12442481  12223738  12413173  12192620'
b'   12300445  12155307  12172168  12215640  12441923  12223148  12412693  12191975'
b'   12301818  12156834  12173667  12216915  12443399  12224737  12414310  12193719'
b'   12301584  12156559  12173449  12216700  12443343  12224511  12414117  12193452'
b'   12302970  12157833  12174762  12218052  12444695  12225907  12415336  12194935'
b'   12301805  12156471  12173366  12216774  12443482  12224393  12413962  12193635'
b'   12302018  12156417  12173225  12216981  12443475  12224356  12413781  12193705'
b'   12303076  12157550  12174353  12218050  12444536  12225410  12414791  12194734'
b'   12303591  12157805  12174555  12218512  12444955  12225761  12415063  12195075'
b'   12303392  12157517  12174160  12218357  12444593  12225246  12414669  12194727'
b'   12302067  12155829  12172465  12216994  12443076  12223532  12412769  12193090'
b'   12303318  12157097  12173745  12218342  12444181  12224650  12413807  12194254'
b'   12301863  12155463  12172188  12216850  12442553  12223067  12412341  12192534'
b'   12302188  12156245  12172822  12217072  12442823  12223368  12412772  12192671'
b'   12303121  12157490  12173968  12218036  12443788  12224360  12413723  12193479'
b'   12303507  12157974  12174450  12218421  12444070  12224671  12414235  12193981'
b'   12303743  12158294  12174869  12218905  12444468  12225108  12414465  12194232'
b'   12303281  12157899  12174464  12218332  12443960  12224627  12414094  12193736'
b'   12302802  12157374  12173933  12217854  12443616  12224135  12413715  12193261'
b'   12304057  12158360  12175141  12219224  12444966  12225512  12415027  12194673'
b'   12303930  12158271  12174960  12219157  12445165  12225532  12414950  12194559'
b'   12303570  12157993  12174706  12218882  12444847  12225291  12414619  12194162'
b'   12303999  12158431  12175274  12219184  12445267  12225702  12415135  12194633'
b'   12304396  12158837  12175606  12219640  12445590  12226133  12415604  12195156'
b'   12304157  12158768  12175526  12219473  12445655  12226166  12415651  12195148'
b'   12303722  12158368  12175159  12218965  12445276  12225716  12415335  12194711'
b'   12305346  12160120  12177091  12220545  12446949  12227487  12417159  12196438'
b'   12304619  12159449  12176391  12219891  12446413  12226995  12416625  12195859'
b'   12305357  12159944  12176894  12220464  12447004  12227502  12417303  12196733'
b'   12304813  12159334  12176284  12219901  12446508  12226932  12416611  12196170'
b'   12304389  12158700  12175586  12219524  12445992  12226335  12416052  12195604'
b'   12305233  12159255  12176210  12220230  12446798  12226980  12416624  12196270'
b'   12305090  12159206  12175952  12220247  12446574  12226763  12416312  12196118'
b'   12305294  12159186  12176039  12220316  12446571  12226720  12416299  12196208'
b'   12305867  12159640  12176325  12221025  12447136  12227011  12416577  12196567'
b'   12304801  12158244  12174969  12219849  12445788  12225665  12414957  12195129'
b'   12305142  12158692  12175466  12220426  12446193  12225944  12415349  12195509'
b'   12305207  12158781  12175534  12220492  12446231  12225937  12415426  12195424'
b'   12305315  12159153  12176028  12220677  12446540  12226253  12415698  12195673'
b'   12303760  12157470  12174340  12219009  12444972  12224631  12414135  12193891'
b'   12304500  12158283  12175101  12219846  12445689  12225389  12414864  12194697'
b'   12304845  12158776  12175542  12220219  12446068  12225889  12415205  12195046'
b'   12305644  12159558  12176468  12221074  12446899  12226706  12416122  12195862'
b'   12306178  12160225  12177076  12221685  12447496  12227333  12416786  12196503'
b'   12306100  12160068  12176924  12221533  12447339  12227165  12416787  12196339'
b'   12306309  12160331  12177181  12221776  12447630  12227426  12417108  12196659'
b'   12306557  12160676  12177609  12222223  12448032  12227834  12417532  12196996'
b'   12306785  12160866  12177876  12222277  12448171  12228123  12417781  12197276'
b'   12306169  12160348  12177279  12221608  12447712  12227512  12417216  12196703'
b'   12307688  12161771  12178848  12223071  12449180  12229138  12418791  12198232'
b'   12307486  12161914  12178980  12222968  12449246  12229211  12419058  12198362'
b'   12307064  12161468  12178526  12222443  12448854  12228889  12418715  12197940'
b'   12307384  12161839  12178906  12222729  12449246  12229186  12419185  12198418'
b'   12307052  12161252  12178275  12222254  12448872  12228868  12418717  12198098'
b'   12307827  12161989  12178966  12223083  12449594  12229460  12419361  12198810'
b'   12307538  12161501  12178536  12222719  12449253  12229073  12418916  12198496'
b'   12308325  12162191  12179328  12223541  12450078  12229745  12419531  12199258'
b'   12307968  12161590  12178527  12223183  12449417  12228946  12418862  12198478'
b'   12308048  12161495  12178457  12223284  12449371  12228929  12418598  12198588'
b'   12307250  12160465  12177464  12222456  12448541  12227879  12417536  12197485'
b'   12307595  12160529  12177565  12222582  12448580  12227840  12417449  12197469'
b'   12307811  12160864  12177743  12222978  12448743  12227925  12417533  12197596'
b'   12307075  12160105  12177055  12222268  12448167  12227212  12416793  12196784'
b'   12307596  12160804  12177698  12222815  12448682  12227781  12417384  12197430'
b'   12307414  12160730  12177692  12222732  12448527  12227678  12417236  12197172'
b'   12307568  12160895  12177873  12222886  12448629  12227847  12417469  12197351'
b'   12307638  12161033  12177971  12222897  12448747  12227930  12417554  12197466'
b'   12307849  12161211  12178200  12223085  12448915  12228066  12417839  12197596'
b'   12308874  12162424  12179280  12224114  12449964  12229247  12418957  12198728'
b'   12308017  12161546  12178574  12223312  12449184  12228359  12418123  12197964'
b'   12308639  12162270  12179179  12224080  12449973  12229171  12418856  12198690'
b'   12307715  12161257  12178237  12223050  12449025  12228212  12417872  12197597'
b'   12309078  12162792  12179817  12224452  12450481  12229708  12419493  12199218'
b'   12308476  12162116  12179187  12223769  12449877  12229136  12418975  12198644'
b'   12309252  12162975  12180136  12224527  12450658  12230097  12419867  12199455'
b'   12307463  12161232  12178337  12222811  12449134  12228340  12418309  12197839'
b'   12308993  12163144  12180202  12224227  12450725  12230153  12420157  12199678'
b'   12308677  12162691  12179756  12223940  12450390  12229860  12419893  12199334'
b'   12309132  12162984  12180200  12224342  12450890  12230213  12420272  12199779'
b'   12309717  12163480  12180460  12224833  12451382  12230740  12420617  12200368'
b'   12309776  12163292  12180442  12224881  12451318  12230643  12420512  12200402'
b'   12309614  12162925  12179927  12224581  12450956  12230153  12420107  12199916'
b'   12310240  12163476  12180573  12225281  12451662  12230843  12420642  12200610'
b'   12309924  12162753  12179912  12224899  12451158  12230062  12419762  12200004'
b'   12309660  12162474  12179511  12224744  12450721  12229691  12419323  12199659'
b'   12309088  12161664  12178610  12224150  12450080  12228839  12418475  12198843'
b'   12308889  12161367  12178355  12223902  12449756  12228422  12418077  12198451'
b'   12309148  12161769  12178714  12224237  12450110  12228752  12418349  12198668'
b'   12308404  12161080  12178094  12223563  12449452  12228108  12417807  12197925'
b'   12310337  12163222  12180083  12225617  12451404  12230074  12419649  12199857'
b'   12308210  12161024  12178050  12223386  12449306  12227959  12417585  12197694'
b'   12308686  12161601  12178765  12223905  12449821  12228533  12418248  12198176'
b'   12308628  12161837  12178737  12223731  12449593  12228296  12418101  12198002'
b'   12310832  12166180  12181482  12225444  12451281  12229836  12419454  12199705'
b'   12310913  12167132  12181882  12225243  12451051  12229534  12419101  12199285'
b'   12309804  12166312  12181183  12224041  12449979  12228494  12418125  12198208'
b'   12310341  12168231  12181552  12223830  12449905  12228177  12417913  12198196'
b'   12310603  12168669  12181986  12224134  12450195  12228456  12418316  12198534'
b'   12311760  12171163  12183464  12225156  12451221  12229403  12419155  12199633'
b'   12311884  12171290  12183644  12225248  12451471  12229627  12419517  12199774'
b'   12312610  12173328  12184673  12225589  12451950  12230082  12420005  12200272'
b'   12312973  12174515  12185203  12225538  12451973  12230084  12420028  12200486'
b'   12312469  12176682  12185149  12224282  12451011  12228690  12418794  12199243'
b'   12314028  12182121  12187187  12224259  12450912  12228351  12418586  12199308'
b'   12315660  12185523  12189157  12225490  12452094  12229251  12419489  12200492'
b'   12316382  12187766  12190187  12225561  12451999  12229289  12419518  12200557'
b'   12316352  12189146  12190194  12225118  12451464  12228323  12418597  12199827'
b'   12315039  12186436  12188756  12224222  12450691  12227451  12417687  12198929'
b'   12315081  12185692  12188506  12224420  12450811  12227674  12417907  12199170'
b'   12315924  12185992  12188741  12225319  12451265  12228123  12418062  12199594'
b'   12315561  12186047  12188214  12224647  12450514  12227172  12417210  12198590'
b'   12315605  12186604  12188501  12224790  12450651  12227055  12417120  12198587'
b'   12316492  12187792  12189157  12225278  12451167  12227455  12417647  12198868'
b'   12316456  12189432  12189520  12224821  12450611  12226939  12417100  12198183'
b'   12317102  12189664  12190105  12225557  12451229  12227776  12417905  12198944'
b'   12316869  12189320  12189919  12225207  12451037  12227561  12417932  12198721'
b'   12317083  12189541  12190259  12225487  12451326  12227954  12418300  12199021'
b'   12318345  12191514  12191738  12226450  12452122  12228914  12419213  12199889'
b'   12317820  12192206  12191387  12225472  12451174  12227739  12418200  12198889'
b'   12317230  12191506  12190920  12225119  12450883  12227410  12417890  12198489'
b'   12318239  12192193  12191998  12225920  12451560  12228307  12418863  12199426'
b'   12318188  12192241  12192089  12225925  12451579  12228426  12419108  12199575'
b'   12317769  12192594  12191677  12225121  12450821  12227571  12418262  12198552'
b'   12318445  12194206  12192583  12225351  12451078  12227743  12418619  12198856'
b'   12319506  12195384  12193928  12226503  12452235  12229045  12419842  12200197'
b'   12319766  12195851  12194483  12226683  12452570  12229499  12420421  12200497'
b'   12318890  12194551  12193585  12226092  12452117  12228913  12419835  12199975'
b'   12319397  12195704  12194214  12226425  12452362  12229412  12420364  12200329'
b'   12319528  12195793  12194314  12226407  12452524  12229335  12420455  12200653'
b'   12320103  12195912  12194538  12226842  12452910  12229840  12420808  12201005'
b'   12320684  12197968  12195300  12227004  12452801  12229611  12420642  12201026'
b'   12320817  12199417  12195411  12226454  12452184  12228900  12419883  12200255'
b'   12320299  12198325  12194532  12226042  12451588  12228158  12419110  12199559'
b'   12320015  12197619  12193914  12225811  12451386  12227797  12418640  12199356'
b'   12320551  12198846  12194452  12226003  12451460  12227762  12418596  12199370'
b'   12321204  12199436  12194994  12226603  12451983  12228331  12418996  12199817'
b'   12320385  12198970  12194089  12225619  12450786  12226924  12417699  12198473'
b'   12320302  12198325  12194100  12225737  12450873  12227125  12418017  12198586'
b'   12319686  12197524  12193426  12224992  12450205  12226617  12417525  12197758'
b'   12321616  12199780  12195539  12226946  12452101  12228428  12419470  12199735'
b'   12321272  12199772  12195396  12226437  12451488  12227950  12419051  12199168'
b'   12321731  12200742  12195993  12226753  12451958  12228387  12419426  12199662'
b'   12322496  12201193  12196872  12227420  12452579  12229137  12420257  12200385'
b'   12320948  12198373  12195265  12226456  12451734  12228403  12419469  12199460'
b'   12320675  12196907  12194796  12226558  12452004  12228716  12419738  12199933'
b'   12319880  12192675  12193412  12226678  12452265  12229354  12420308  12200356'
b'   12320219  12191789  12193584  12227512  12453144  12230280  12421345  12201232'
b'   12318839  12187051  12192041  12227088  12453247  12230501  12421592  12201488'
b'   12317706  12181751  12190314  12227337  12453621  12231243  12422279  12201995'
b'   12316915  12176695  12189200  12228243  12454667  12232737  12423584  12203414'
b'   12315008  12170011  12186779  12227793  12454476  12232979  12423980  12203452'
b'   12315282  12167986  12186927  12228557  12455450  12234584  12425728  12204796'
b'   12313777  12165328  12184960  12227436  12454361  12233594  12424807  12203600'
b'   12313211  12164688  12184166  12226973  12453873  12233122  12424299  12203232'
b'   12314374  12165650  12185100  12228176  12454976  12234181  12425093  12204421'
b'   12313821  12165022  12184356  12227611  12454379  12233504  12424553  12203787'
b'   12314614  12165769  12184935  12228440  12455066  12234171  12425036  12204539'
b'   12314892  12165965  12185058  12228753  12455379  12234328  12425186  12204675'
b'   12314267  12165118  12184070  12228169  12454693  12233303  12424007  12203818'
b'   12314120  12164986  12183736  12228080  12454385  12232992  12423642  12203528'
b'   12314561  12165267  12183947  12228395  12454541  12233179  12423644  12203615'
b'   12313466  12164266  12182742  12227483  12453555  12232065  12422505  12202508'
b'   12314357  12165475  12183776  12228481  12454474  12232944  12423424  12203442'
b'   12314409  12165587  12183694  12228412  12454361  12232840  12423262  12203203'
b'   12314330  12165585  12183867  12228452  12454263  12232927  12423327  12203179'
b'   12313519  12164875  12183070  12227513  12453462  12232075  12422519  12202279'
b'   12314071  12165686  12183754  12228241  12454129  12232793  12423177  12203033'
b'   12314882  12166492  12184411  12228904  12454959  12233539  12423857  12203743'
b'   12314192  12166010  12184005  12228299  12454236  12232913  12423239  12203073'
b'   12313735  12165499  12183290  12227741  12453863  12232362  12422781  12202574'
b'   12314046  12165870  12183663  12228035  12454151  12232649  12422981  12202838'
b'   12313962  12165838  12183701  12228101  12454037  12232667  12423087  12202822'
b'   12315253  12167298  12185020  12229299  12455295  12233951  12424327  12204067'
b'   12313842  12165865  12183672  12227756  12453962  12232570  12423062  12202674'
b'   12314530  12166841  12184539  12228598  12454812  12233482  12423876  12203696'
b'   12315283  12167670  12185358  12229216  12455573  12234193  12424683  12204410'
b'   12314635  12167074  12184701  12228460  12454992  12233679  12424317  12203813'
b'   12315062  12167818  12185471  12229059  12455667  12234404  12425105  12204576'
b'   12314755  12167336  12184974  12228614  12455234  12233989  12424625  12204157'
b'   12314653  12167011  12184608  12228257  12455036  12233647  12424265  12203924'
b'   12315684  12168027  12185453  12229440  12455959  12234591  12425071  12204859'
b'   12315878  12168004  12185154  12229208  12455676  12234323  12424700  12204708'
b'   12315919  12167879  12185066  12229284  12455734  12234118  12424482  12204631'
b'   12316806  12168750  12185964  12230192  12456565  12235101  12425320  12205525'
b'   12315713  12167243  12184512  12229163  12455417  12233537  12423748  12204098'
b'   12314752  12166266  12183355  12228307  12454376  12232386  12422698  12203056'
b'   12315213  12166612  12183775  12228616  12454700  12232838  12423021  12203383'
b'   12315881  12167438  12184548  12229604  12455343  12233586  12423698  12204128'
b'   12316057  12167697  12184836  12229649  12455454  12233656  12423867  12204265'
b'   12314629  12166256  12183316  12228207  12454002  12232249  12422534  12202790'
b'   12315986  12167683  12184678  12229630  12455310  12233628  12423809  12203965'
b'   12315362  12167572  12184567  12229258  12455140  12233419  12423569  12203624'
b'   12314661  12166871  12183924  12228558  12454452  12232763  12422842  12202931'
b'   12313702  12166005  12182957  12227642  12453750  12231874  12422018  12201998'
b'   12314779  12166949  12183854  12228490  12454540  12232650  12422894  12202823'
b'   12315102  12167197  12184222  12228840  12454939  12233124  12423222  12203238'
b'   12315740  12167993  12184948  12229516  12455531  12233686  12423845  12203817'
