b'   12489628  12371460  12386843  12539783  12680346  12373885  12536260  12388116'
b'   12529129  12408524  12422748  12577927  12719019  12408404  12574706  12426637'
b'   12607620  12482742  12494118  12652416  12795119  12476633  12653318  12501542'
b'   12639167  12512405  12522411  12681705  12825387  12503856  12685321  12530923'
b'   12657188  12529231  12538354  12698500  12842777  12519458  12703428  12547475'
b'   12670604  12541757  12550399  12710747  12855551  12531151  12716600  12559808'
b'   12681342  12551760  12559792  12720404  12865765  12540752  12727260  12569829'
b'   12689004  12558661  12566342  12727672  12873160  12547430  12734619  12576753'
b'   12695533  12564705  12572324  12733612  12879487  12553255  12740937  12582514'
b'   12699977  12568643  12575833  12737508  12883703  12556922  12745035  12586318'
b'   12706609  12574920  12581958  12743762  12889955  12563016  12751445  12592493'
b'   12710502  12578450  12585238  12747166  12893819  12566294  12755078  12595828'
b'   12714440  12582039  12588586  12750875  12897631  12569732  12758674  12599282'
b'   12717352  12584643  12591189  12753721  12900644  12572430  12761487  12601765'
b'   12721590  12588662  12595104  12757513  12904651  12576183  12765401  12605690'
b'   12726059  12593003  12599318  12761691  12908816  12580407  12769836  12609825'
b'   12728113  12594780  12601004  12763459  12911008  12582069  12771673  12611620'
b'   12731341  12597919  12604117  12766477  12914155  12585137  12774670  12614471'
b'   12734177  12600604  12606591  12769228  12916844  12587656  12777309  12617061'
b'   12736318  12602578  12608556  12771137  12919010  12589558  12779383  12618933'
b'   12738348  12604483  12610368  12773017  12920966  12591394  12781364  12620734'
b'   12741280  12607302  12613113  12775664  12923693  12594015  12784154  12623250'
b'   12743007  12608959  12614655  12777310  12925441  12595478  12785751  12624802'
b'   12744168  12609937  12615614  12778456  12926726  12596639  12786776  12625850'
b'   12746652  12612400  12618020  12780779  12929095  12598932  12789189  12628103'
b'   12748505  12614238  12619741  12782557  12930982  12600653  12791026  12629804'
b'   12748912  12614554  12620036  12782937  12931409  12600872  12791322  12629868'
b'   12752284  12617852  12623358  12786060  12934593  12604005  12794564  12633120'
b'   12752835  12618466  12623817  12786551  12935145  12604481  12795049  12633449'
b'   12754163  12619605  12624937  12787864  12936518  12605637  12796191  12634671'
b'   12756391  12621583  12627006  12789881  12938526  12607569  12798275  12636621'
b'   12756485  12621678  12627020  12789983  12938726  12607591  12798344  12636557'
b'   12758349  12623406  12628706  12791547  12940477  12609187  12799945  12638081'
b'   12759844  12624948  12630131  12793162  12942013  12610651  12801501  12639523'
b'   12760426  12625365  12630665  12793823  12942629  12610996  12801876  12639917'
b'   12762025  12626879  12632149  12795169  12943980  12612442  12803428  12641283'
b'   12763941  12628901  12634020  12796990  12945824  12614205  12805318  12643136'
b'   12764220  12629213  12634289  12797277  12946269  12614528  12805664  12643358'
b'   12765985  12630922  12636091  12798953  12947962  12616228  12807277  12645012'
b'   12767004  12632062  12637071  12800044  12949079  12617199  12808356  12645854'
b'   12768364  12633299  12638302  12801188  12950376  12618427  12809567  12647123'
b'   12769012  12634035  12638975  12801918  12950952  12618961  12810172  12647696'
b'   12769395  12634239  12639307  12802257  12951297  12619220  12810546  12647980'
b'   12770279  12635070  12640091  12802998  12952251  12619986  12811299  12648821'
b'   12771589  12636390  12641408  12804270  12953495  12621305  12812532  12649978'
b'   12772376  12637133  12642108  12804866  12954327  12621839  12813321  12650698'
b'   12772905  12637631  12642716  12805516  12954844  12622393  12813772  12651073'
b'   12774359  12638986  12644216  12806884  12956267  12623867  12815371  12652429'
b'   12775336  12640075  12645045  12807841  12957302  12624761  12816282  12653358'
b'   12776441  12641175  12646170  12808821  12958322  12625655  12817340  12654322'
b'   12776458  12641116  12646211  12808899  12958386  12625718  12817439  12654294'
b'   12777191  12641755  12646796  12809588  12959054  12626229  12818169  12654896'
b'   12777077  12641642  12646562  12809441  12959018  12626018  12817835  12654694'
b'   12777929  12642569  12647557  12810387  12959876  12626843  12818525  12655467'
b'   12779804  12644392  12649245  12812162  12961615  12628707  12820433  12657170'
b'   12778631  12643163  12648008  12811018  12960484  12627371  12819212  12655841'
b'   12779539  12644087  12648938  12811993  12961493  12628239  12820189  12656697'
b'   12780665  12645135  12650147  12813078  12962443  12629247  12821277  12657728'
b'   12780771  12645169  12650165  12813051  12962527  12629323  12821348  12657769'
b'   12782461  12646911  12651868  12814762  12964230  12630963  12822994  12659415'
b'   12783748  12648313  12653248  12815914  12965453  12632175  12824352  12660643'
b'   12783208  12647668  12652634  12815488  12965054  12631557  12823731  12660078'
b'   12783847  12648306  12653319  12816112  12965657  12632193  12824497  12660644'
b'   12784504  12649074  12653924  12816819  12966421  12632901  12825056  12661367'
b'   12785234  12649807  12654655  12817404  12967059  12633462  12825605  12661870'
b'   12784576  12649201  12654031  12816878  12966566  12632796  12825043  12661212'
b'   12786136  12650691  12655577  12818383  12968161  12634365  12826473  12662684'
b'   12787502  12652134  12656917  12819699  12969373  12635625  12827809  12664023'
b'   12787207  12651742  12656604  12819391  12969046  12635295  12827451  12663654'
b'   12788338  12652971  12657820  12820509  12970233  12636397  12828535  12664693'
b'   12788721  12653158  12658146  12820805  12970553  12636719  12828869  12664990'
b'   12788276  12652669  12657592  12820344  12970140  12636205  12828386  12664495'
b'   12788915  12653256  12658244  12820910  12970676  12636703  12828869  12664955'
b'   12790075  12654501  12659377  12822113  12971970  12637902  12830032  12666173'
b'   12789022  12653386  12658381  12821155  12970915  12636728  12828911  12665083'
b'   12790116  12654544  12659463  12822293  12972068  12637872  12830022  12666158'
b'   12791028  12655264  12660251  12823099  12972840  12638591  12830770  12666851'
b'   12790532  12654844  12659848  12822642  12972293  12638096  12830255  12666429'
b'   12791016  12655379  12660298  12823195  12972947  12638630  12830758  12666902'
b'   12792115  12656429  12661371  12824232  12973956  12639656  12831812  12667825'
b'   12792487  12656710  12661609  12824469  12974219  12639824  12832052  12668079'
b'   12792349  12656599  12661563  12824401  12974215  12639745  12831968  12667891'
b'   12792724  12656972  12661822  12824759  12974487  12640051  12832279  12668145'
b'   12793236  12657497  12662521  12825314  12975125  12640678  12832850  12668856'
b'   12794115  12658475  12663352  12826149  12976013  12641460  12833562  12669552'
b'   12794573  12658959  12663840  12826647  12976563  12641983  12834253  12670076'
b'   12794661  12658958  12663881  12826761  12976588  12641989  12834229  12670017'
b'   12794709  12658878  12663886  12826754  12976487  12641930  12834105  12669997'
b'   12796290  12660582  12665383  12828312  12978156  12643551  12835674  12671630'
b'   12794885  12659019  12664080  12827052  12976857  12642046  12834276  12670245'
b'   12794995  12659221  12664326  12827104  12977085  12642210  12834486  12670317'
b'   12794895  12659161  12664236  12827011  12976982  12642133  12834326  12670148'
b'   12797030  12661450  12666302  12829211  12979141  12644344  12836490  12672329'
b'   12796955  12661069  12666303  12829030  12978967  12644108  12836239  12672175'
b'   12797179  12661442  12666392  12829401  12979278  12644281  12836540  12672361'
b'   12797460  12661698  12666681  12829615  12979613  12644542  12836815  12672528'
b'   12796749  12660930  12665883  12828862  12978832  12643664  12836142  12671853'
b'   12796490  12660661  12665625  12828664  12978635  12643412  12835805  12671443'
b'   12797593  12661657  12666695  12829638  12979509  12644535  12836758  12672395'
b'   12799101  12663251  12668279  12831277  12981117  12646070  12838321  12673976'
b'   12799385  12663531  12668545  12831482  12981349  12646234  12838540  12674160'
b'   12799548  12663708  12668735  12831739  12981546  12646477  12838682  12674360'
b'   12798718  12662755  12667874  12830857  12980682  12645561  12837778  12673529'
b'   12799633  12663753  12668770  12831769  12981652  12646458  12838725  12674351'
b'   12799604  12663835  12668798  12831761  12981725  12646411  12838690  12674372'
b'   12800200  12664306  12669542  12832342  12982378  12647051  12839255  12675004'
b'   12800270  12664442  12669459  12832528  12982455  12647157  12839352  12675003'
b'   12801073  12665249  12670356  12833246  12983252  12647960  12840156  12675805'
b'   12800619  12664829  12669891  12832880  12982869  12647379  12839663  12675327'
b'   12799753  12663855  12669033  12832001  12982035  12646544  12838787  12674288'
b'   12800741  12664908  12670101  12832892  12983022  12647486  12839681  12675299'
b'   12800031  12664176  12669350  12832354  12982467  12646781  12838982  12674603'
b'   12800700  12664803  12670003  12833076  12983073  12647427  12839763  12675237'
b'   12800638  12664724  12669861  12832914  12983083  12647320  12839648  12675148'
b'   12801091  12665184  12670368  12833403  12983476  12647702  12840151  12675492'
b'   12802526  12666692  12671907  12834845  12984832  12649277  12841517  12676939'
b'   12802231  12666251  12671580  12834566  12984575  12648955  12841134  12676658'
b'   12803248  12667282  12672437  12835465  12985445  12649883  12842092  12677631'
b'   12802597  12666617  12671860  12834942  12984882  12649167  12841474  12676924'
b'   12801985  12665924  12671170  12834328  12984239  12648489  12840777  12676216'
b'   12802885  12666826  12672065  12835233  12985094  12649362  12841586  12677053'
b'   12802759  12666744  12671860  12835172  12985105  12649198  12841483  12677010'
b'   12802590  12666540  12671801  12835039  12985005  12648983  12841357  12676780'
b'   12802519  12666399  12671593  12834882  12984824  12648855  12841189  12676589'
b'   12803537  12667538  12672754  12835964  12985834  12649915  12842156  12677638'
b'   12804048  12668045  12673126  12836309  12986354  12650494  12842685  12678043'
b'   12803841  12667692  12672897  12836093  12986034  12650163  12842353  12677830'
b'   12804228  12668388  12673391  12836694  12986644  12650710  12842934  12678349'
b'   12804943  12668907  12674181  12837306  12987286  12651325  12843563  12678992'
b'   12804401  12668433  12673642  12836916  12986865  12650794  12842987  12678553'
b'   12804505  12668545  12673902  12837043  12987020  12650988  12843120  12678604'
b'   12804539  12668570  12673796  12837011  12987121  12650985  12843267  12678555'
b'   12804688  12668624  12674026  12837206  12987219  12651110  12843376  12678666'
b'   12804104  12668060  12673494  12836621  12986800  12650489  12842742  12678149'
b'   12804849  12668790  12674216  12837357  12987432  12651180  12843465  12678874'
b'   12804843  12668908  12674319  12837425  12987564  12651303  12843445  12678906'
b'   12805180  12669054  12674489  12837670  12987717  12651496  12843678  12679196'
b'   12804417  12668380  12673737  12836904  12987070  12650738  12842961  12678415'
b'   12805181  12669100  12674528  12837788  12987780  12651409  12843692  12679082'
b'   12804759  12668722  12674153  12837460  12987426  12651079  12843242  12678680'
b'   12805412  12669297  12674624  12837989  12988050  12651529  12843793  12679276'
b'   12805996  12669732  12675155  12838506  12988576  12652105  12844297  12679698'
b'   12805009  12668848  12674244  12837541  12987573  12651088  12843299  12678763'
b'   12805418  12669239  12674727  12838095  12988036  12651597  12843813  12679116'
b'   12805512  12669325  12674732  12838077  12988239  12651640  12843981  12679241'
b'   12806464  12670266  12675615  12839084  12988977  12652549  12844821  12680131'
b'   12806313  12670235  12675681  12838943  12988970  12652546  12844703  12680080'
b'   12805828  12669697  12675112  12838505  12988576  12651976  12844314  12679583'
b'   12805851  12669719  12675167  12838537  12988613  12652012  12844287  12679583'
b'   12806093  12669998  12675483  12838871  12988928  12652272  12844463  12679832'
b'   12807382  12671280  12676779  12840111  12990106  12653641  12845778  12681145'
b'   12807457  12671397  12676878  12840144  12990139  12653593  12845916  12681199'
b'   12805893  12669758  12675328  12838635  12988749  12652096  12844294  12679590'
b'   12807019  12671047  12676590  12839866  12989953  12653376  12845447  12680845'
b'   12806359  12670357  12675896  12839125  12989274  12652532  12844807  12680039'
b'   12807915  12671906  12677445  12840688  12990759  12654112  12846420  12681576'
b'   12807250  12671238  12676751  12840088  12990225  12653414  12845649  12680952'
b'   12807910  12671807  12677301  12840777  12990822  12654092  12846317  12681550'
b'   12808424  12672334  12677929  12841184  12991369  12654574  12846706  12682051'
b'   12807470  12671358  12676901  12840303  12990404  12653470  12845728  12681064'
b'   12807925  12671737  12677124  12840739  12990838  12653892  12846176  12681493'
b'   12807858  12671590  12677152  12840713  12990758  12653971  12846100  12681413'
b'   12807815  12671699  12677262  12840843  12990754  12653883  12846105  12681415'
b'   12808497  12672333  12677853  12841396  12991386  12654569  12846715  12681863'
b'   12808158  12672027  12677434  12841024  12991071  12654182  12846233  12681592'
b'   12807501  12671404  12676856  12840490  12990570  12653564  12845699  12680910'
b'   12807457  12671338  12676876  12840509  12990577  12653535  12845857  12681009'
b'   12808053  12671820  12677373  12841017  12990970  12653999  12846372  12681455'
b'   12808276  12672066  12677712  12841294  12991324  12654355  12846495  12681868'
b'   12809125  12672940  12678432  12842022  12992026  12655103  12847232  12682611'
b'   12809660  12673613  12679034  12842638  12992666  12655771  12847804  12683106'
b'   12809650  12673545  12679248  12842757  12992655  12655754  12847948  12683205'
b'   12809265  12673122  12678747  12842311  12992322  12655362  12847466  12682737'
b'   12809568  12673453  12679071  12842535  12992693  12655638  12847769  12683055'
b'   12809681  12673468  12679184  12842696  12992712  12655668  12847870  12683155'
b'   12809838  12673732  12679466  12842865  12992998  12655957  12848015  12683411'
b'   12809417  12673261  12678900  12842394  12992553  12655457  12847585  12682894'
b'   12807922  12671706  12677408  12840955  12991097  12653930  12845999  12681388'
b'   12808624  12672409  12678062  12841703  12991833  12654601  12846715  12682079'
b'   12808019  12671829  12677431  12841127  12991213  12654056  12846149  12681420'
b'   12810469  12674370  12679991  12843523  12993632  12656593  12848481  12683920'
b'   12810698  12674412  12680098  12843721  12993696  12656631  12848666  12683891'
b'   12810230  12674015  12679680  12843409  12993484  12656330  12848234  12683636'
b'   12810728  12674476  12680214  12843769  12993838  12656717  12848719  12684025'
b'   12810591  12674424  12680006  12843749  12993782  12656564  12848555  12683871'
b'   12809798  12673478  12679211  12842902  12992988  12655656  12847753  12683080'
b'   12810172  12673949  12679599  12843311  12993322  12656112  12848200  12683485'
b'   12810759  12674509  12680150  12843921  12993970  12656790  12848812  12684073'
b'   12810894  12674601  12680257  12844047  12994117  12656913  12848899  12684154'
b'   12810961  12674802  12680464  12844138  12994183  12657024  12848989  12684290'
b'   12810826  12674736  12680410  12844061  12994183  12656908  12848976  12684272'
b'   12810970  12674699  12680441  12844141  12994266  12656908  12848963  12684203'
b'   12810347  12674089  12679733  12843505  12993607  12656222  12848288  12683590'
b'   12810494  12674392  12680072  12843846  12993834  12656536  12848573  12683838'
b'   12809458  12673108  12679020  12842879  12992954  12655507  12847552  12682785'
b'   12809912  12673719  12679396  12843167  12993407  12655890  12847982  12683227'
b'   12810478  12674248  12679983  12843731  12993877  12656442  12848673  12683762'
b'   12809843  12673592  12679453  12843177  12993434  12655894  12848081  12683138'
b'   12810155  12673988  12679745  12843525  12993734  12656130  12848342  12683479'
b'   12811239  12675065  12680895  12844520  12994738  12657305  12849384  12684571'
b'   12810364  12674138  12679888  12843708  12993856  12656319  12848341  12683591'
b'   12810914  12674772  12680619  12844388  12994474  12656918  12848837  12684244'
b'   12810926  12674743  12680451  12844435  12994536  12656996  12848852  12684199'
b'   12810539  12674370  12680177  12844032  12994106  12656582  12848588  12683876'
b'   12811184  12674882  12680618  12844680  12994781  12657129  12849292  12684556'
b'   12810890  12674578  12680278  12844300  12994337  12656744  12848914  12684070'
b'   12810806  12674559  12680295  12844346  12994289  12656709  12848843  12683989'
b'   12811085  12674825  12680634  12844554  12994580  12657064  12848990  12684258'
b'   12809956  12673683  12679383  12843353  12993485  12655863  12847862  12683056'
b'   12810686  12674466  12680194  12844255  12994264  12656627  12848718  12683786'
b'   12810375  12674272  12680038  12843963  12994109  12656417  12848425  12683602'
b'   12811023  12674756  12680551  12844499  12994630  12656936  12849031  12684134'
b'   12810724  12674514  12680211  12844246  12994333  12656603  12848717  12683860'
b'   12810777  12674485  12680385  12844303  12994455  12656720  12848784  12683928'
b'   12810953  12674599  12680424  12844418  12994611  12656941  12848937  12684100'
b'   12809991  12673805  12679506  12843620  12993754  12656026  12848077  12683188'
b'   12811331  12675147  12681001  12844885  12995069  12657422  12849387  12684510'
b'   12811737  12675611  12681466  12845282  12995456  12657863  12849848  12684919'
b'   12812128  12675917  12681748  12845583  12995756  12658168  12850192  12685296'
b'   12811836  12675629  12681518  12845386  12995577  12657867  12849814  12684990'
b'   12811735  12675448  12681305  12845162  12995463  12657672  12849646  12684842'
b'   12810559  12674308  12680185  12844143  12994414  12656463  12848628  12683681'
b'   12811109  12674914  12680702  12844677  12994939  12657038  12849118  12684337'
b'   12811773  12675484  12681331  12845457  12995559  12657840  12849730  12684914'
b'   12811422  12675231  12680941  12845038  12995184  12657421  12849433  12684463'
b'   12811299  12675072  12680888  12844943  12995225  12657202  12849311  12684406'
b'   12810921  12674506  12680345  12844493  12994715  12656842  12848743  12683837'
b'   12811336  12675011  12680844  12844970  12995103  12657265  12849176  12684340'
b'   12810576  12674191  12680032  12844251  12994340  12656385  12848424  12683546'
b'   12811543  12675222  12681074  12845254  12995412  12657494  12849437  12684464'
b'   12811629  12675358  12681221  12845330  12995351  12657598  12849509  12684648'
b'   12811158  12674722  12680628  12844826  12994934  12657047  12849005  12684100'
b'   12811831  12675470  12681502  12845483  12995596  12657739  12849708  12684809'
b'   12811097  12674766  12680692  12844891  12995027  12657100  12849057  12684184'
b'   12811176  12674779  12680762  12844979  12995000  12657100  12848898  12684149'
b'   12812577  12676293  12682243  12846259  12996452  12658561  12850440  12685538'
b'   12811370  12675004  12680938  12845165  12995288  12657284  12849237  12684431'
b'   12812219  12675939  12681893  12845968  12996072  12658270  12850185  12685222'
b'   12811988  12675746  12681766  12845796  12995869  12658064  12849932  12685133'
b'   12811934  12675580  12681523  12845617  12995839  12657917  12849803  12684991'
b'   12811730  12675379  12681400  12845502  12995784  12657790  12849718  12684795'
b'   12811714  12675307  12681412  12845442  12995748  12657748  12849648  12684825'
b'   12811665  12675348  12681396  12845458  12995685  12657818  12849613  12684773'
b'   12812503  12676047  12682228  12846342  12996574  12658604  12850486  12685615'
b'   12813143  12676823  12682941  12846941  12997171  12659259  12851173  12686272'
b'   12813244  12676727  12682759  12847027  12997134  12659303  12851074  12686234'
b'   12812324  12675838  12681856  12846192  12996271  12658287  12850182  12685307'
b'   12812858  12676385  12682344  12846533  12996713  12658795  12850522  12685819'
b'   12811759  12675242  12681214  12845574  12995636  12657650  12849451  12684674'
b'   12811812  12675281  12681284  12845618  12995778  12657746  12849527  12684637'
b'   12812443  12675928  12681969  12846388  12996456  12658443  12850246  12685362'
b'   12812431  12678074  12686024  12847192  12997084  12661191  12851780  12685423'
b'   12811941  12679217  12688052  12847186  12997220  12662835  12852610  12684846'
b'   12812301  12681225  12690740  12848198  12998294  12665050  12854067  12685271'
b'   12812227  12683214  12693404  12848519  12998828  12666968  12855181  12685036'
b'   12811818  12685338  12695801  12848917  12999390  12669241  12856385  12684582'
b'   12813714  12692610  12702536  12850668  13001060  12673471  12859706  12685664'
b'   12814723  12697160  12705615  12851173  13001289  12674734  12861161  12685594'
b'   12815672  12701789  12707303  12850996  13001079  12675349  12862539  12685684'
b'   12815625  12703561  12708276  12850740  13001045  12675869  12863031  12685176'
b'   12816463  12706636  12710131  12851007  13001258  12676994  12864014  12685258'
b'   12818118  12711735  12713784  12852715  13003067  12680202  12866819  12686116'
b'   12819151  12716890  12715785  12851935  13002946  12681224  12867837  12685547'
b'   12820118  12721264  12717468  12851678  13003021  12682514  12869050  12685021'
b'   12823745  12728247  12720816  12852920  13004182  12684440  12871856  12686707'
b'   12825392  12733137  12722214  12852525  13004040  12685334  12873017  12686540'
b'   12826431  12736404  12724517  12852910  13004669  12687093  12874468  12686861'
b'   12826943  12737492  12725122  12853009  13005462  12688657  12875798  12686975'
b'   12826971  12739138  12726461  12852811  13005766  12690069  12876533  12686441'
b'   12826459  12739387  12726889  12852543  13005893  12691203  12876980  12685903'
b'   12826831  12741036  12728646  12853204  13007301  12693913  12878525  12686225'
b'   12827263  12741984  12729126  12853409  13007831  12695012  12879394  12686461'
b'   12827370  12742398  12730414  12854147  13008626  12696281  12879942  12686746'
b'   12828613  12744020  12733914  12856828  13011882  12700664  12882570  12688583'
b'   12827217  12743734  12733981  12855920  13012165  12702741  12882789  12687180'
b'   12826563  12743432  12736130  12857529  13015621  12708041  12884933  12687543'
b'   12826939  12744983  12737583  12858292  13016976  12710204  12886217  12687634'
b'   12826248  12746010  12740272  12859575  13020139  12714790  12887240  12686766'
b'   12826650  12747588  12740695  12860317  13021420  12717181  12888935  12686819'
b'   12827935  12750174  12741487  12859987  13021083  12717687  12889608  12686567'
b'   12829215  12753764  12743341  12859550  13020742  12718516  12890488  12686355'
b'   12828755  12752456  12742769  12859638  13020275  12717548  12890066  12686316'
b'   12826722  12744545  12739222  12859601  13019099  12712883  12888302  12687335'
b'   12820202  12712114  12721176  12858513  13013086  12693322  12878582  12690552'
b'   12818007  12691551  12701375  12855649  13008085  12675566  12866986  12690544'
b'   12816115  12686163  12695922  12853463  13005556  12671332  12862835  12689276'
b'   12816803  12684951  12694582  12853614  13005570  12670641  12862171  12690137'
b'   12816877  12683997  12693512  12853611  13005413  12669974  12861588  12690506'
b'   12816526  12683005  12692323  12853137  13004854  12668919  12860532  12690187'
b'   12816155  12681966  12691176  12852573  13004281  12667926  12859521  12689818'
b'   12815096  12680671  12689665  12851473  13003041  12666481  12858082  12688826'
b'   12816174  12681379  12690274  12852504  13003871  12667209  12858793  12689915'
b'   12815967  12681002  12689805  12852252  13003466  12666710  12858233  12689652'
b'   12815812  12680660  12689228  12851923  13003120  12666338  12857799  12689392'
b'   12816178  12681042  12689513  12852267  13003388  12666516  12858031  12689912'
b'   12815852  12680547  12688868  12851886  13003034  12666023  12857450  12689573'
b'   12816557  12681101  12689514  12852384  13003602  12666402  12857867  12690228'
b'   12815386  12680000  12688163  12851343  13002491  12665229  12856622  12689110'
b'   12816040  12680420  12688716  12851833  13003000  12665708  12857063  12689748'
b'   12816037  12680460  12688516  12851836  13002925  12665552  12856982  12689736'
b'   12474495  12351577  12368039  12513482  12665153  12364430  12525038  12383444'
b'   12515591  12390011  12405158  12552925  12704775  12400238  12564893  12423229'
b'   12593284  12462822  12475068  12626113  12779653  12467003  12642329  12496877'
b'   12624606  12492223  12502927  12655105  12809682  12494062  12673872  12526158'
b'   12643682  12510127  12519768  12672624  12828043  12510550  12693071  12543849'
b'   12656475  12522094  12531093  12684498  12840327  12521741  12705808  12555662'
b'   12666940  12531611  12540154  12693975  12850400  12530814  12715884  12565311'
b'   12675549  12539517  12547719  12701818  12858543  12538404  12724170  12573163'
b'   12681288  12544575  12552437  12707011  12864031  12543253  12729634  12578170'
b'   12687307  12550240  12557880  12712571  12869942  12548747  12735424  12583805'
b'   12692597  12554937  12562312  12717423  12874675  12553176  12740135  12588214'
b'   12697419  12559464  12566578  12721872  12879176  12557422  12744664  12592540'
b'   12701562  12563205  12570171  12725676  12883085  12561004  12748265  12595993'
b'   12703724  12564857  12571885  12727602  12884857  12562574  12749996  12597301'
b'   12708378  12569146  12575938  12731843  12889358  12566849  12754453  12601493'
b'   12710586  12571196  12577752  12733810  12891467  12568707  12756370  12603334'
b'   12714303  12574754  12581257  12737195  12894993  12572037  12759938  12606685'
b'   12715869  12576101  12582435  12738429  12896287  12573109  12761158  12607919'
b'   12720848  12580917  12587208  12743134  12900949  12577727  12766029  12612558'
b'   12722255  12582274  12588446  12744479  12902376  12578893  12767368  12613848'
b'   12725385  12585139  12591270  12747259  12905190  12581640  12770183  12616592'
b'   12727291  12586919  12592888  12748975  12907137  12583289  12771959  12618144'
b'   12728266  12587749  12593716  12749763  12908098  12584193  12772975  12619150'
b'   12730605  12589993  12595834  12751928  12910315  12586266  12775153  12621269'
b'   12733714  12593217  12598976  12754918  12913488  12589322  12778278  12624335'
b'   12734413  12593751  12599491  12755473  12914469  12589849  12778896  12624791'
b'   12735739  12594996  12600791  12756716  12915821  12591071  12780255  12626141'
b'   12737762  12597036  12602805  12758663  12917852  12592974  12782324  12628250'
b'   12740159  12599475  12605247  12760888  12920617  12595597  12784890  12630797'
b'   12741833  12601059  12606818  12762427  12922575  12597207  12786505  12632347'
b'   12743674  12602778  12608329  12764193  12924511  12598910  12788049  12633885'
b'   12744193  12603048  12608589  12764535  12924864  12599118  12788419  12633944'
b'   12745485  12604337  12609816  12765840  12926268  12600252  12789575  12635204'
b'   12746821  12605372  12610790  12767022  12927132  12601163  12790476  12636033'
b'   12749143  12607541  12612932  12769257  12929232  12603255  12792451  12638085'
b'   12750055  12608110  12613383  12769881  12929644  12603581  12792808  12638420'
b'   12751213  12609054  12614143  12770890  12930159  12604033  12793448  12639068'
b'   12751547  12609173  12614310  12771050  12930191  12604037  12793657  12639120'
b'   12753402  12611280  12616371  12772975  12931968  12605972  12795535  12641067'
b'   12753432  12611349  12616189  12772834  12931836  12605852  12795527  12641021'
b'   12755102  12612853  12617852  12774385  12933358  12607302  12796953  12642542'
b'   12755668  12613546  12618592  12775039  12933951  12607957  12797739  12643092'
b'   12757076  12614772  12619950  12776268  12935179  12609111  12798943  12644379'
b'   12758160  12615953  12621058  12777332  12936434  12610199  12800079  12645392'
b'   12758507  12616279  12621272  12777552  12936703  12610476  12800355  12645715'
b'   12760093  12617981  12623041  12779242  12938395  12612166  12801964  12647276'
b'   12761037  12618935  12623963  12780045  12939422  12613090  12803053  12648222'
b'   12761903  12619802  12624913  12780928  12940401  12613946  12804006  12649130'
b'   12763417  12621447  12626477  12782431  12941967  12615471  12805521  12650612'
b'   12764067  12622096  12627238  12783055  12943030  12616200  12806399  12651354'
b'   12763947  12622018  12627150  12782975  12943136  12616142  12806333  12651191'
b'   12764804  12623026  12628196  12783825  12944444  12617158  12807363  12652046'
b'   12764685  12622782  12627947  12783717  12944879  12617061  12807078  12651769'
b'   12765710  12623701  12628813  12784469  12945743  12618056  12808042  12652660'
b'   12765970  12623967  12629028  12784774  12946151  12618340  12808232  12652929'
b'   12767685  12625352  12630390  12786396  12947685  12619781  12809637  12654366'
b'   12768227  12625699  12630778  12786863  12947985  12620066  12809819  12654721'
b'   12768791  12625946  12630872  12787281  12947981  12620024  12809906  12654935'
b'   12769919  12626885  12631819  12788364  12948739  12620908  12810704  12655721'
b'   12770339  12627249  12632050  12788668  12948763  12620898  12810835  12655882'
b'   12770357  12627419  12632208  12788788  12948380  12620822  12810889  12655791'
b'   12770783  12627807  12632611  12789202  12948682  12621158  12811269  12656066'
b'   12772406  12629512  12634341  12790793  12950262  12622776  12813055  12657617'
b'   12772799  12629958  12634725  12791107  12950583  12623109  12813572  12658099'
b'   12773492  12630590  12635343  12791755  12951240  12623732  12814123  12658665'
b'   12774078  12631006  12635834  12792167  12951480  12624020  12814668  12659038'
b'   12773632  12630620  12635446  12791783  12951076  12623555  12814250  12658353'
b'   12774746  12631571  12636387  12792600  12951972  12624400  12815191  12659276'
b'   12775736  12632630  12637594  12793846  12953231  12625634  12816215  12660552'
b'   12776070  12633167  12637990  12794101  12953760  12626060  12816821  12661027'
b'   12775994  12633207  12638035  12794026  12953861  12625965  12816759  12661038'
b'   12777556  12634902  12639846  12795703  12955835  12627895  12818487  12662815'
b'   12777512  12635076  12640094  12795832  12956227  12628093  12818856  12663115'
b'   12777920  12635627  12640725  12796407  12957092  12628806  12819479  12663706'
b'   12777778  12635620  12640688  12796189  12957763  12629169  12819710  12663927'
b'   12777762  12635606  12640696  12796257  12958112  12629075  12819681  12663830'
b'   12778605  12636315  12641305  12796970  12958917  12629922  12820386  12664639'
b'   12779453  12637090  12641987  12797928  12959886  12630614  12821189  12665341'
b'   12779040  12636391  12641424  12797358  12959444  12630049  12820406  12664683'
b'   12779769  12636945  12641827  12798175  12959719  12630328  12820691  12665032'
b'   12779265  12636209  12641088  12797627  12958940  12629473  12819825  12664248'
b'   12780650  12637529  12642340  12798900  12959897  12630658  12820982  12665468'
b'   12780574  12637359  12642162  12798796  12959089  12630074  12820499  12664954'
b'   12781732  12638625  12643455  12800047  12960014  12631314  12821988  12666336'
b'   12781009  12638034  12642858  12799317  12959240  12630510  12821423  12665679'
b'   12781563  12638561  12643464  12799919  12959563  12630900  12822105  12666296'
b'   12781600  12638593  12643389  12799929  12959501  12631051  12822122  12666180'
b'   12782710  12639751  12644596  12800994  12960383  12631879  12822971  12667034'
b'   12783070  12640069  12644899  12801218  12960833  12632220  12823226  12667261'
b'   12783030  12639933  12644849  12801091  12960678  12631962  12823131  12667242'
b'   12783914  12640901  12645779  12802006  12961729  12633031  12824112  12668133'
b'   12783287  12640359  12645213  12801344  12961244  12632323  12823400  12667621'
b'   12784058  12640955  12645937  12801994  12961946  12633099  12824120  12668371'
b'   12785516  12642605  12647619  12803507  12963784  12634863  12825830  12669980'
b'   12785226  12642269  12647284  12803263  12963734  12634684  12825636  12669682'
b'   12785449  12642748  12647757  12803477  12964347  12635130  12826141  12670144'
b'   12785732  12643137  12648224  12803810  12965386  12635849  12826606  12670647'
b'   12786498  12643811  12648856  12804433  12966404  12636694  12827347  12671356'
b'   12786337  12643525  12648620  12804278  12966456  12636421  12827215  12671220'
b'   12786575  12643662  12648659  12804489  12966880  12636699  12827115  12671296'
b'   12788091  12645026  12649906  12805900  12968233  12638053  12828475  12672655'
b'   12788405  12645146  12650093  12806275  12968466  12638155  12828684  12672837'
b'   12787466  12643985  12648798  12805278  12967161  12636796  12827307  12671479'
b'   12787251  12643744  12648536  12805048  12966565  12636228  12826828  12671122'
b'   12788140  12644461  12649251  12805948  12967060  12636964  12827420  12671768'
b'   12787544  12643739  12648407  12805303  12965658  12635839  12826512  12670827'
b'   12788130  12644498  12649165  12805970  12966111  12636329  12827247  12671389'
b'   12788486  12644968  12649772  12806515  12966274  12636845  12827633  12671865'
b'   12788798  12645228  12650030  12806622  12966529  12636959  12827961  12672169'
b'   12789498  12646043  12650910  12807435  12967173  12637741  12828757  12672886'
b'   12788719  12645366  12650140  12806632  12966327  12636963  12828098  12672200'
b'   12790241  12646840  12651753  12808167  12967818  12638395  12829549  12673731'
b'   12789769  12646447  12651392  12807908  12967477  12638125  12829155  12673343'
b'   12789202  12646008  12650910  12807253  12967192  12637642  12828826  12672853'
b'   12790565  12647441  12652443  12808533  12968605  12639051  12830335  12674317'
b'   12789570  12646337  12651293  12807602  12967718  12638132  12829387  12673285'
b'   12790652  12647518  12652676  12808669  12969178  12639386  12830793  12674587'
b'   12790651  12647690  12652732  12808741  12969512  12639714  12831047  12674755'
b'   12790809  12647985  12653092  12808957  12970170  12640084  12831329  12675167'
b'   12790752  12647922  12653169  12808879  12970918  12640503  12831599  12675359'
b'   12791901  12649048  12654115  12809928  12972279  12641722  12832563  12676449'
b'   12791874  12648899  12654005  12809946  12972625  12641587  12832487  12676305'
b'   12791550  12648386  12653490  12809696  12972319  12641267  12831961  12675846'
b'   12791970  12648700  12653849  12810031  12972685  12641433  12832086  12676102'
b'   12791803  12648200  12653188  12809668  12972016  12640752  12831240  12675433'
b'   12791629  12647948  12652769  12809598  12971527  12640361  12830923  12675159'
b'   12791777  12647934  12652744  12809577  12971083  12640042  12830676  12674965'
b'   12792463  12648343  12653224  12810198  12970831  12640212  12830915  12675362'
b'   12792350  12648363  12653219  12810259  12970597  12640062  12830856  12675216'
b'   12792957  12649093  12654002  12810798  12970969  12640753  12831539  12675768'
b'   12793555  12649796  12654565  12811325  12971285  12641091  12832209  12676423'
b'   12793807  12650133  12655017  12811722  12971680  12641525  12832522  12676762'
b'   12793709  12650053  12655005  12811623  12971430  12641408  12832402  12676718'
b'   12793752  12650122  12655128  12811709  12971559  12641511  12832572  12676855'
b'   12793960  12650360  12655338  12811893  12971776  12641824  12832911  12677100'
b'   12794097  12650491  12655465  12812073  12971894  12641850  12833031  12677175'
b'   12794226  12650727  12655838  12812206  12972362  12642190  12833393  12677513'
b'   12794415  12651074  12656017  12812375  12972700  12642474  12833706  12677762'
b'   12795193  12651810  12656903  12813128  12973886  12643493  12834592  12678663'
b'   12795785  12652542  12657714  12813768  12974746  12644396  12835465  12679478'
b'   12795385  12652322  12657597  12813482  12975022  12644349  12835381  12679387'
b'   12795817  12652841  12658082  12813954  12976177  12645054  12836061  12680051'
b'   12795542  12652421  12657619  12813569  12976212  12644895  12835692  12679608'
b'   12796459  12653209  12658381  12814549  12977308  12645795  12836541  12680523'
b'   12796173  12652764  12657962  12814317  12977205  12645429  12836049  12680105'
b'   12795874  12652227  12657403  12813821  12976810  12644988  12835535  12679576'
b'   12795591  12651800  12656956  12813607  12976322  12644493  12834970  12679021'
b'   12795238  12651197  12656173  12813138  12975308  12643489  12833992  12678272'
b'   12795772  12651592  12656551  12813619  12975289  12643687  12834300  12678575'
b'   12795657  12651483  12656394  12813615  12974826  12643331  12833952  12678318'
b'   12795896  12651701  12656676  12813813  12974342  12643270  12834153  12678319'
b'   12796010  12651816  12656870  12813917  12974323  12643390  12834353  12678595'
b'   12797134  12652985  12657867  12814995  12975144  12644392  12835419  12679638'
b'   12796769  12652614  12657808  12814702  12974676  12644017  12835051  12679372'
b'   12795617  12651466  12656554  12813582  12973634  12642841  12833982  12678261'
b'   12796572  12652514  12657581  12814410  12974389  12643887  12835047  12679191'
b'   12796667  12652828  12657857  12814654  12974787  12644129  12835344  12679567'
b'   12796912  12653045  12658160  12814872  12975155  12644365  12835650  12679744'
b'   12796819  12653143  12658193  12814947  12975257  12644627  12835812  12679943'
b'   12797142  12653453  12658624  12815239  12975718  12644950  12836153  12680296'
b'   12798248  12654750  12659845  12816357  12977200  12646325  12837479  12681435'
b'   12798703  12655321  12660561  12816903  12978265  12647134  12838203  12682245'
b'   12797660  12654342  12659704  12815850  12977849  12646428  12837448  12681417'
b'   12798283  12654983  12660462  12816544  12979239  12647448  12838330  12682270'
b'   12797826  12654386  12659780  12816085  12979029  12647094  12837758  12681788'
b'   12798833  12655371  12660776  12817074  12980301  12648021  12838746  12682594'
b'   12798234  12654505  12659951  12816460  12979708  12647421  12837865  12681823'
b'   12798361  12654549  12659803  12816619  12979765  12647219  12837741  12681820'
b'   12799043  12655202  12660452  12817320  12980170  12647814  12838352  12682423'
b'   12799821  12655606  12660693  12817933  12980055  12647810  12838242  12682613'
b'   12798247  12653458  12658367  12815765  12977403  12645235  12836100  12680682'
b'   12800354  12655351  12660010  12817425  12978572  12646729  12837785  12682657'
b'   12799439  12654440  12659234  12816516  12977266  12645682  12836963  12681915'
b'   12801153  12655684  12660063  12817546  12977908  12646400  12838020  12683372'
b'   12801387  12655149  12659264  12816844  12977110  12645419  12837604  12683501'
b'   12804213  12656748  12660131  12817976  12977654  12645699  12839091  12686383'
b'   12809015  12659071  12660846  12819388  12978306  12645920  12841140  12690775'
b'   12816363  12662729  12662144  12821928  12979751  12646548  12844876  12698293'
b'   12819321  12663627  12661597  12821904  12979267  12645604  12846100  12701404'
b'   12823128  12665676  12663437  12825118  12981604  12646900  12848038  12704930'
b'   12826053  12666212  12664209  12827784  12983574  12646904  12848839  12708096'
b'   12829264  12668294  12667042  12831921  12987088  12649196  12850871  12711421'
b'   12831853  12669242  12669100  12835967  12990642  12650697  12851387  12713546'
b'   12834511  12670521  12670688  12838817  12993576  12652423  12853175  12716493'
b'   12835436  12670353  12671288  12840976  12995970  12653010  12853486  12718312'
b'   12837505  12671473  12673076  12844325  12998994  12654781  12855086  12721260'
b'   12840544  12673009  12675608  12848396  13003103  12657129  12856594  12723941'
b'   12842741  12673843  12676747  12850986  13005149  12658026  12857647  12726359'
b'   12843206  12673291  12676413  12851486  13006125  12657990  12857367  12726714'
b'   12844882  12674191  12678586  12855228  13008507  12659305  12857823  12727942'
b'   12845208  12673453  12678852  12856923  13009743  12659300  12856998  12727946'
b'   12846606  12674121  12680430  12859343  13012677  12661317  12857185  12728268'
b'   12846592  12673470  12680561  12860741  13013337  12661514  12856193  12727488'
b'   12847261  12673970  12681841  12862538  13014656  12662753  12856515  12727727'
b'   12848441  12674846  12683573  12864800  13016519  12664203  12857004  12728519'
b'   12848754  12675004  12684427  12865961  13017004  12664636  12857156  12729059'
b'   12850112  12675814  12685538  12867349  13018508  12665891  12858193  12730513'
b'   12849465  12675088  12685794  12868169  13018752  12665488  12857165  12729590'
b'   12851226  12676611  12687472  12870129  13019992  12666680  12858307  12730944'
b'   12852085  12677564  12689670  12872700  13022781  12669215  12859330  12731872'
b'   12851590  12677109  12689812  12873465  13023390  12669062  12858906  12731741'
b'   12852873  12678634  12692000  12876124  13025931  12671385  12860639  12733579'
b'   12853162  12678750  12692099  12875971  13026259  12671693  12860789  12733637'
b'   12853837  12679754  12694614  12878898  13029179  12673768  12861704  12734127'
b'   12853938  12679768  12694550  12879128  13029627  12673965  12861691  12733940'
b'   12854650  12680190  12695533  12880225  13029803  12673925  12861769  12734522'
b'   12853877  12680417  12696692  12881432  13032021  12675568  12862576  12734632'
b'   12854794  12680811  12698146  12883309  13034453  12676861  12863115  12735942'
b'   12854883  12681227  12698676  12884091  13035623  12677937  12863754  12736216'
b'   12856076  12682124  12699314  12884925  13037100  12678856  12865168  12738181'
b'   12856175  12681840  12698452  12883951  13036924  12678673  12865168  12737937'
b'   12857300  12683075  12698779  12884369  13037045  12678802  12865816  12738939'
b'   12857791  12682957  12698559  12884841  13037510  12678912  12866084  12739344'
b'   12859293  12683808  12699359  12885875  13038344  12679533  12866694  12740411'
b'   12860076  12684280  12700214  12887893  13039294  12679941  12866691  12740838'
b'   12859614  12683396  12699421  12886920  13038447  12679598  12866531  12740757'
b'   12860320  12684016  12699414  12886511  13037192  12679344  12867391  12741406'
b'   12860539  12684191  12698655  12885534  13036131  12678511  12867467  12741089'
b'   12861689  12685312  12699402  12886124  13036958  12679639  12868878  12742694'
b'   12862186  12685822  12699598  12886515  13037500  12679771  12869389  12743033'
b'   12861365  12685585  12700048  12887042  13037975  12680546  12869603  12742722'
b'   12862152  12686931  12702527  12889989  13039429  12681782  12870062  12743028'
b'   12860648  12685791  12702102  12889432  13039558  12681649  12869344  12741843'
b'   12859379  12685466  12703385  12891400  13041246  12682712  12869268  12741142'
b'   12859532  12685661  12703036  12890825  13041250  12682935  12869647  12741412'
b'   12859147  12685687  12702923  12890553  13040972  12682774  12869666  12741035'
b'   12860203  12686674  12702885  12890144  13040941  12683034  12870423  12741704'
b'   12860304  12686928  12702149  12888371  13039863  12682736  12870851  12741839'
b'   12861037  12687439  12702064  12887679  13039955  12682834  12871572  12742886'
b'   12861827  12688083  12701983  12887368  13040587  12683452  12873037  12744581'
b'   12861867  12688374  12702044  12887206  13040566  12683695  12873780  12745519'
b'   12862358  12688983  12702727  12887919  13041700  12684282  12874389  12746303'
b'   12863167  12689746  12703752  12889435  13043123  12685443  12875210  12746957'
b'   12863548  12690093  12704423  12890262  13044097  12685950  12875199  12747140'
b'   12863713  12689432  12703298  12889869  13043787  12685234  12874793  12747215'
b'   12864416  12689944  12703692  12890321  13043368  12684994  12875027  12747823'
b'   12864342  12690140  12703666  12890522  13042613  12684325  12874953  12747457'
b'   12863515  12689730  12702895  12890128  13041714  12683756  12874101  12745679'
b'   12859490  12687628  12699446  12884967  13037409  12681523  12872477  12741942'
b'   12856093  12686214  12697800  12880591  13035168  12681777  12872224  12739377'
b'   12852997  12685489  12696897  12877539  13032380  12681318  12871473  12735975'
b'   12852939  12685809  12696775  12877317  13031186  12680303  12870658  12734502'
b'   12851383  12685204  12695051  12874828  13028961  12678955  12870474  12733602'
b'   12850331  12685866  12693635  12870434  13023711  12676904  12871022  12732941'
b'   12848315  12685513  12692575  12867516  13019844  12674628  12869710  12729655'
b'   12841550  12682557  12689273  12861763  13015229  12671946  12866597  12722492'
b'   12838799  12682526  12686993  12856442  13011847  12670960  12866487  12719729'
b'   12833226  12680597  12683932  12849330  13006976  12668750  12863440  12713155'
b'   12829337  12680194  12685231  12849317  13007361  12669766  12862682  12709186'
b'   12826939  12679397  12685089  12848641  13006853  12669374  12861331  12706342'
b'   12826481  12679524  12685359  12848636  13007122  12669657  12861287  12706015'
b'   12826124  12679544  12685700  12848417  13007762  12670173  12861879  12706160'
b'   12825335  12679002  12685072  12847821  13007792  12669788  12861132  12705441'
b'   12826174  12680013  12686190  12848708  13009169  12671064  12862199  12706503'
b'   12826205  12679892  12686140  12848803  13009780  12671288  12862039  12706589'
b'   12824984  12678547  12684738  12847598  13008830  12669997  12860686  12705239'
b'   12824962  12678442  12684760  12847567  13008907  12669877  12860609  12705157'
b'   12824254  12677542  12683670  12846860  13007988  12668794  12859351  12704242'
b'   12824264  12677335  12683422  12846799  13007702  12668575  12859259  12704082'
b'   12824914  12677774  12683732  12847576  13007412  12668600  12859111  12704362'
b'   12823684  12676252  12682203  12846166  13005555  12666887  12857491  12702790'
b'   12824055  12676551  12682426  12846563  13005443  12666922  12857596  12702981'
b'   12822081  12674686  12680713  12844738  13003043  12664732  12855718  12701152'
b'   12822784  12675511  12681664  12845398  13003560  12665414  12856533  12701918'
b'   12824106  12676792  12682819  12846690  13004547  12666715  12857645  12703231'
b'   12823670  12676555  12682668  12846422  13004073  12666195  12857466  12702955'
b'   12823633  12676504  12682546  12846213  13003877  12666181  12857471  12703029'
b'   12824004  12676770  12682890  12846606  13004181  12666441  12857722  12703378'
b'   12824233  12677246  12683387  12846941  13004539  12666855  12858234  12703811'
b'   12823201  12676107  12682388  12845955  13003708  12665838  12857257  12702933'
b'   12823733  12676598  12682904  12846541  13004371  12666433  12857763  12703541'
b'   12823745  12676688  12682937  12846534  13004678  12666666  12857987  12703750'
b'   12823889  12676939  12683314  12846770  13005138  12667008  12858283  12704008'
b'   12823258  12676361  12682799  12846150  13004836  12666561  12857806  12703541'
b'   12823812  12677110  12683661  12846783  13006334  12667637  12858675  12704495'
b'   12822957  12676311  12682962  12846063  13006184  12667106  12858154  12703845'
b'   12823838  12677100  12683677  12846780  13007784  12668283  12859046  12704754'
b'   12823174  12676223  12682860  12846221  13007348  12667571  12858187  12704109'
b'   12823073  12675871  12682571  12846017  13007340  12667364  12857937  12703868'
b'   12823574  12676166  12682681  12846385  13007687  12667656  12857974  12704183'
b'   12822644  12674998  12681648  12845533  13006610  12666389  12856793  12703062'
b'   12823587  12675792  12682238  12846388  13007096  12667033  12857420  12703792'
b'   12822861  12674617  12681080  12845439  13005321  12665497  12855853  12702542'
b'   12823281  12675086  12681471  12845952  13005312  12665783  12856165  12702887'
b'   12822781  12674483  12680815  12845436  13004309  12664874  12855479  12702202'
b'   12823649  12675438  12681925  12846313  13004638  12665704  12856396  12703240'
b'   12822304  12674182  12680616  12844972  13003296  12664338  12855258  12701978'
b'   12822600  12674353  12680894  12845300  13003240  12664315  12855350  12702196'
b'   12822339  12674182  12680707  12845193  13002875  12664248  12855272  12702150'
b'   12822647  12674502  12681128  12845471  13003167  12664576  12855626  12702524'
b'   12822453  12674407  12681135  12845344  13002959  12664366  12855459  12702281'
b'   12822745  12674620  12681421  12845584  13003343  12664723  12855790  12702845'
b'   12822194  12674079  12680878  12845027  13002902  12664229  12855328  12702329'
b'   12822339  12674388  12681134  12845185  13003332  12664607  12855709  12702753'
b'   12821697  12673728  12680542  12844603  13003043  12664144  12855131  12702192'
b'   12823455  12675636  12682486  12846325  13004951  12666216  12857187  12704212'
b'   12823125  12675508  12682477  12846075  13005571  12666479  12857302  12704153'
b'   12823182  12675731  12682692  12846252  13006211  12666795  12857578  12704539'
b'   12823504  12675995  12683009  12846391  13006991  12667261  12857901  12704881'
b'   12823689  12675976  12683058  12846624  13007768  12667661  12858162  12705054'
