b'   12390899  12279214  12318860  12458174  12624213  12328396  12466979  12310307'
b'   12433062  12317599  12355888  12498073  12664576  12364290  12507288  12350068'
b'   12515625  12395049  12429834  12575869  12743507  12435442  12590202  12427127'
b'   12548478  12425735  12458485  12606416  12774508  12463461  12623515  12456953'
b'   12568910  12444665  12476252  12625284  12793604  12481167  12644064  12475317'
b'   12580626  12455500  12486012  12636028  12804527  12491177  12655818  12485720'
b'   12591827  12465902  12495765  12646305  12814888  12500990  12666620  12495742'
b'   12599736  12473068  12502589  12653628  12822239  12507651  12674168  12502565'
b'   12607403  12480330  12509435  12660798  12829362  12514407  12681486  12509557'
b'   12612765  12484940  12513694  12665432  12834039  12518692  12686320  12513956'
b'   12617225  12489176  12517840  12669784  12838620  12522981  12690950  12518271'
b'   12621491  12493085  12521630  12673690  12842658  12526686  12695059  12522051'
b'   12626107  12497419  12525736  12677871  12847131  12530896  12699355  12526200'
b'   12629426  12500407  12528607  12680884  12850250  12533794  12702562  12529254'
b'   12633118  12504098  12532283  12684409  12854148  12537472  12706522  12532885'
b'   12636550  12507535  12535595  12687656  12857296  12540457  12709807  12536124'
b'   12638855  12509471  12537481  12689757  12859444  12542421  12711902  12538123'
b'   12641420  12511670  12539474  12691959  12861676  12544369  12713961  12540185'
b'   12644400  12514133  12541896  12694618  12864258  12546805  12716390  12542433'
b'   12646673  12515951  12543620  12696472  12866090  12548478  12718004  12544028'
b'   12647999  12516741  12544303  12697505  12867367  12549129  12718820  12544759'
b'   12649857  12518378  12545767  12699329  12869064  12550679  12720404  12546334'
b'   12651863  12520036  12547284  12701062  12870749  12552281  12721932  12547899'
b'   12654158  12522089  12549158  12703293  12872745  12554045  12723738  12549727'
b'   12656570  12524119  12551248  12705418  12874528  12555873  12725574  12551608'
b'   12657965  12525540  12552664  12706873  12875904  12557181  12727017  12552778'
b'   12659126  12526731  12553775  12707943  12876988  12558102  12728156  12553821'
b'   12660083  12527664  12554740  12708960  12878099  12558939  12729121  12554580'
b'   12661872  12529501  12556504  12710648  12879914  12560626  12730941  12556267'
b'   12663109  12530669  12557595  12711821  12881067  12561628  12732100  12557351'
b'   12664350  12531935  12558957  12713028  12882327  12562865  12733333  12558547'
b'   12666859  12534422  12560977  12715477  12884835  12565269  12735832  12560868'
b'   12667965  12535535  12562087  12716427  12885875  12566213  12736813  12561926'
b'   12668255  12535712  12562292  12716666  12886220  12566431  12737111  12561991'
b'   12668487  12535944  12562454  12716874  12886503  12566515  12737277  12562182'
b'   12670077  12537593  12564175  12718430  12888313  12568292  12738969  12563756'
b'   12670931  12538551  12565059  12719336  12889280  12569048  12739993  12564585'
b'   12672363  12539874  12566347  12720583  12890697  12570371  12741393  12565864'
b'   12673103  12540928  12567574  12721535  12892041  12571531  12742702  12566888'
b'   12675056  12542912  12569504  12723485  12894112  12573498  12744596  12568875'
b'   12676254  12544086  12570736  12724573  12895338  12574713  12745716  12569918'
b'   12676424  12543951  12570208  12724660  12895420  12574542  12745749  12569846'
b'   12677646  12544946  12571039  12725782  12896463  12575313  12746553  12570734'
b'   12678935  12545985  12572149  12726868  12897520  12576390  12747464  12571770'
b'   12679269  12546226  12572712  12727245  12897715  12576314  12747527  12571758'
b'   12680555  12546983  12573494  12728327  12898381  12576890  12748077  12572481'
b'   12681729  12548023  12574376  12729494  12899235  12577803  12748862  12573345'
b'   12681903  12548031  12574337  12729567  12899289  12577656  12748765  12573181'
b'   12682722  12548795  12575068  12730358  12899849  12578227  12749328  12573684'
b'   12683990  12550043  12576470  12731670  12900984  12579312  12750578  12574989'
b'   12683708  12549911  12576184  12731437  12900764  12578909  12750283  12574587'
b'   12685209  12551715  12577886  12732856  12902128  12580672  12752185  12576048'
b'   12686334  12553117  12579198  12733958  12903438  12582023  12753626  12577302'
b'   12684994  12551674  12577883  12732658  12902109  12580561  12752414  12575769'
b'   12686455  12553267  12579422  12734003  12903442  12581965  12753638  12577106'
b'   12686264  12552740  12579163  12733942  12903495  12581562  12753306  12576943'
b'   12687572  12554208  12580572  12735260  12904866  12582894  12754635  12578339'
b'   12688126  12554622  12580913  12735825  12905435  12583302  12755059  12578821'
b'   12688929  12555515  12581875  12736590  12906390  12584152  12756089  12579635'
b'   12689567  12556188  12582452  12737094  12907118  12584847  12756714  12580304'
b'   12689203  12555951  12582355  12736904  12907004  12584572  12756533  12580026'
b'   12691152  12557951  12584468  12738879  12909075  12586695  12758576  12581943'
b'   12692612  12559570  12586151  12740258  12910719  12588405  12760362  12583612'
b'   12692351  12559475  12585980  12740158  12910795  12588296  12760302  12583383'
b'   12693362  12560544  12587004  12741189  12912004  12589385  12761275  12584484'
b'   12693179  12559999  12586503  12740792  12911844  12588893  12760787  12583998'
b'   12693711  12560407  12586949  12741450  12912344  12589351  12761152  12584461'
b'   12694683  12561334  12587880  12742400  12913312  12590117  12762034  12585245'
b'   12695448  12561760  12588240  12743021  12913633  12590403  12762258  12585566'
b'   12696533  12562666  12589119  12744036  12914462  12591236  12762950  12586418'
b'   12695942  12561650  12587990  12743200  12913361  12589881  12761660  12585084'
b'   12696310  12561957  12588259  12743711  12913504  12590052  12761918  12585339'
b'   12696157  12561587  12587927  12743461  12913131  12589553  12761488  12584898'
b'   12697321  12562931  12589178  12744712  12914081  12590770  12762630  12586031'
b'   12697631  12563313  12589631  12744981  12914485  12591066  12763000  12586360'
b'   12697767  12563542  12589810  12745144  12914593  12591136  12763152  12586356'
b'   12699085  12564865  12591161  12746510  12915817  12592480  12764458  12587714'
b'   12697868  12563620  12590024  12745386  12914817  12591199  12763401  12586499'
b'   12698537  12564467  12590813  12746104  12915566  12592003  12764109  12587208'
b'   12698955  12564907  12591394  12746379  12915961  12592414  12764570  12587551'
b'   12699360  12565445  12591886  12746936  12916547  12592956  12765113  12588085'
b'   12699483  12565504  12591956  12746961  12916705  12593038  12765221  12588120'
b'   12700961  12567180  12593494  12748485  12918241  12594661  12766878  12589781'
b'   12701169  12567442  12593865  12748779  12918622  12594972  12767185  12590016'
b'   12701307  12567553  12594159  12748983  12919021  12595174  12767442  12590238'
b'   12701632  12568050  12594621  12749307  12919667  12595705  12768033  12590746'
b'   12701997  12568563  12595226  12749877  12920400  12596458  12768783  12591267'
b'   12703371  12570920  12597815  12751249  12922243  12598953  12771274  12593049'
b'   12701566  12568662  12595462  12749480  12920647  12596546  12768879  12591077'
b'   12703171  12570196  12596907  12750979  12922101  12598003  12770334  12592386'
b'   12703879  12571636  12598628  12751775  12922809  12599482  12771655  12593013'
b'   12704456  12571769  12598716  12752242  12923195  12599615  12771784  12593490'
b'   12703899  12571194  12598241  12751814  12922532  12599214  12771133  12592731'
b'   12704605  12570861  12597706  12752252  12922631  12598545  12770600  12592728'
b'   12704510  12570184  12596729  12752098  12922301  12597575  12769821  12592398'
b'   12704700  12570223  12596759  12752182  12922102  12597518  12769725  12592305'
b'   12705127  12570643  12597005  12752623  12922213  12597639  12769908  12592601'
b'   12705121  12570637  12597224  12752559  12922182  12597684  12769925  12592467'
b'   12706226  12571791  12598288  12753732  12923375  12598680  12771173  12593565'
b'   12706072  12571659  12598274  12753569  12923092  12598657  12771138  12593493'
b'   12706246  12571744  12598462  12753884  12923382  12598754  12771360  12593602'
b'   12706301  12572032  12598733  12754054  12923556  12598959  12771461  12593807'
b'   12707196  12573058  12599759  12755018  12924606  12599923  12772502  12594768'
b'   12707257  12573187  12599848  12755049  12924672  12599968  12772530  12594852'
b'   12707633  12573583  12600256  12755424  12925183  12600384  12772955  12595280'
b'   12707956  12573965  12600630  12755824  12925598  12600837  12773464  12595664'
b'   12707438  12573407  12600076  12755136  12925203  12600281  12773289  12595092'
b'   12708113  12574209  12600954  12755914  12926091  12601234  12773988  12595924'
b'   12708285  12574387  12601241  12756262  12926566  12601578  12774300  12596281'
b'   12708495  12574825  12601584  12756488  12927026  12601974  12774614  12596661'
b'   12708822  12575404  12602268  12756938  12927906  12602713  12775483  12597245'
b'   12709807  12576389  12603254  12757808  12928943  12603707  12776328  12598233'
b'   12709545  12576031  12602910  12757599  12928763  12603409  12776058  12597916'
b'   12709790  12575888  12602699  12757660  12928867  12603338  12775773  12597889'
b'   12709956  12575969  12602770  12757876  12928967  12603339  12775720  12597896'
b'   12709908  12575779  12602610  12757831  12928933  12603130  12775492  12597699'
b'   12710020  12575436  12602218  12757708  12928447  12602581  12774845  12597258'
b'   12709793  12575045  12601906  12757554  12928046  12602090  12774266  12596815'
b'   12711033  12576169  12602752  12758637  12928629  12602855  12774933  12597672'
b'   12710799  12575919  12602615  12758411  12928294  12602561  12774680  12597302'
b'   12710223  12575418  12602035  12757976  12927699  12602098  12774151  12596620'
b'   12710770  12576489  12603737  12758706  12928466  12603576  12775498  12597375'
b'   12711352  12577381  12604493  12759391  12929120  12604550  12776386  12597943'
b'   12711486  12578299  12605937  12759941  12929551  12605842  12777428  12598127'
b'   12712149  12579525  12607640  12760673  12930381  12607210  12778669  12598652'
b'   12711832  12579127  12607098  12760628  12930007  12606299  12777837  12598259'
b'   12711300  12578158  12605778  12759866  12929288  12604914  12776788  12597813'
b'   12712444  12579188  12606723  12760893  12930402  12605920  12777904  12598985'
b'   12711573  12578182  12605785  12760002  12929828  12604997  12776912  12598310'
b'   12711730  12578937  12606868  12760528  12930267  12605895  12777631  12598546'
b'   12712943  12579805  12607366  12761789  12931587  12606599  12778594  12599782'
b'   12713749  12580096  12607213  12762078  12932293  12606665  12779033  12600859'
b'   12713015  12579427  12606655  12761350  12932041  12606281  12778724  12600359'
b'   12712360  12578914  12605844  12760678  12931791  12605852  12778305  12599926'
b'   12713856  12580515  12607557  12762279  12933508  12607567  12780009  12601567'
b'   12714023  12580403  12607584  12762487  12933747  12607643  12780006  12601632'
b'   12714170  12580790  12608260  12762660  12933910  12608007  12780204  12601702'
b'   12713313  12580761  12609447  12762368  12933592  12608704  12780054  12600714'
b'   12713775  12581038  12609640  12762867  12933815  12608645  12780160  12600905'
b'   12715154  12581384  12608793  12763780  12934687  12608643  12780472  12602206'
b'   12715015  12581483  12609150  12763542  12934368  12608940  12780488  12601684'
b'   12714589  12582088  12610886  12763648  12933712  12609840  12780734  12600721'
b'   12714383  12583371  12613077  12764015  12933654  12611336  12781540  12600352'
b'   12714557  12584892  12615830  12764580  12933922  12613312  12782844  12600343'
b'   12717074  12589651  12622081  12767867  12937168  12619095  12787569  12603098'
b'   12714350  12588814  12622583  12765918  12935513  12619948  12787263  12600532'
b'   12714146  12591346  12626760  12766582  12936415  12624175  12790229  12600520'
b'   12713944  12593652  12630397  12767287  12936824  12626745  12792053  12600042'
b'   12713455  12595955  12634470  12767885  12937426  12630067  12794123  12599609'
b'   12715440  12601963  12642381  12770966  12940371  12636687  12799427  12601527'
b'   12714152  12602571  12643745  12770488  12940084  12637619  12799889  12600290'
b'   12715712  12608185  12651173  12772988  12942550  12644248  12805028  12601577'
b'   12715325  12609852  12655170  12774446  12943435  12646579  12805973  12601255'
b'   12715609  12613280  12662297  12776195  12945153  12651396  12808296  12601227'
b'   12714748  12616360  12667743  12777446  12946366  12654329  12810048  12600638'
b'   12714571  12620012  12673198  12778953  12947885  12658697  12813300  12600576'
b'   12715426  12623805  12680495  12781664  12950307  12663670  12816108  12601190'
b'   12714975  12627117  12690321  12784977  12953329  12671071  12818701  12600828'
b'   12714075  12629188  12697700  12787420  12955003  12675239  12819357  12599415'
b'   12714976  12633955  12705505  12791062  12957658  12679419  12821828  12599797'
b'   12713790  12636151  12710289  12792229  12958460  12683155  12823254  12597886'
b'   12714317  12640747  12717127  12794925  12960521  12687431  12826330  12598106'
b'   12714667  12644136  12723597  12797813  12962382  12691123  12828113  12597907'
b'   12714069  12645799  12729386  12799698  12962394  12691914  12826870  12596075'
b'   12712482  12647353  12732897  12800421  12962829  12695210  12828433  12594215'
b'   12713245  12650898  12738219  12802998  12964685  12699671  12831391  12594401'
b'   12713927  12654441  12742503  12805023  12966397  12702970  12834066  12594703'
b'   12712976  12655690  12746575  12806348  12966993  12705058  12834577  12593697'
b'   12712527  12658626  12750547  12807782  12967985  12707456  12836385  12593059'
b'   12713835  12662632  12754745  12810111  12970564  12712506  12840639  12594193'
b'   12713629  12663769  12755835  12810488  12971131  12714039  12841900  12594045'
b'   12714409  12666034  12756999  12811283  12972667  12717469  12845233  12594739'
b'   12713620  12665449  12757176  12811152  12971979  12716057  12843892  12593993'
b'   12715273  12668875  12760611  12813380  12974314  12719461  12847262  12595608'
b'   12714378  12668794  12762672  12814058  12974848  12721211  12847436  12594948'
b'   12714173  12669268  12763075  12814612  12975626  12722361  12848297  12595103'
b'   12714899  12670398  12764540  12816064  12977618  12724939  12850043  12595960'
b'   12715229  12672312  12768679  12818031  12979590  12728756  12852290  12596337'
b'   12715543  12674217  12771435  12819891  12981515  12731975  12854350  12596859'
b'   12715385  12675582  12773938  12821237  12983588  12735706  12856764  12597402'
b'   12715716  12677405  12777221  12823106  12985200  12737699  12858036  12597773'
b'   12714134  12677061  12777557  12822748  12985157  12738323  12857840  12596173'
b'   12715121  12678641  12781171  12824740  12986827  12740504  12858737  12596724'
b'   12715782  12680599  12783747  12826806  12988849  12743694  12860711  12597403'
b'   12716468  12683029  12785991  12828221  12990725  12747516  12863909  12597926'
b'   12715134  12683326  12787211  12827835  12989795  12747379  12863149  12595863'
b'   12715956  12685429  12790760  12829817  12991427  12750531  12865098  12596454'
b'   12715526  12686795  12792761  12830513  12991104  12751099  12865221  12595316'
b'   12716012  12688873  12795736  12832043  12992582  12754699  12867471  12595536'
b'   12715546  12689943  12797374  12832695  12992811  12755904  12868260  12594872'
b'   12716905  12693562  12802370  12835114  12994444  12758756  12870678  12595820'
b'   12716367  12694251  12804381  12835475  12994337  12758530  12870055  12595041'
b'   12716131  12696199  12807631  12836126  12994572  12760322  12871538  12594518'
b'   12717024  12698435  12812329  12838672  12995950  12761348  12871839  12595154'
b'   12717912  12700744  12816898  12841185  12998045  12764934  12873766  12596103'
b'   12717220  12702443  12818830  12841784  12998723  12766894  12875300  12595263'
b'   12717561  12703923  12821873  12843453  13000529  12770169  12877210  12595780'
b'   12717086  12705575  12823177  12843960  13001505  12773438  12879743  12595515'
b'   12717090  12707163  12825676  12844688  13002227  12775391  12881118  12595595'
b'   12717284  12707571  12827050  12845645  13003668  12778703  12882722  12596177'
b'   12716967  12708888  12831543  12847690  13005526  12782958  12884444  12596034'
b'   12716883  12708713  12835720  12850400  13007468  12785507  12883915  12596162'
b'   12717646  12712037  12840497  12852733  13010230  12790314  12887581  12597545'
b'   12718659  12716368  12845147  12854743  13012625  12795038  12891743  12598400'
b'   12718369  12717687  12847594  12855607  13013727  12798130  12893485  12598522'
b'   12718410  12718748  12850120  12856388  13014142  12797798  12893256  12598374'
b'   12717664  12718263  12850719  12856546  13014420  12798178  12892892  12597648'
b'   12718835  12718500  12849554  12857290  13015124  12797560  12892836  12598571'
b'   12719051  12716125  12844686  12855942  13013675  12792804  12890089  12598774'
b'   12719551  12714141  12836878  12853510  13012561  12789543  12889657  12599612'
b'   12721126  12711915  12832097  12853099  13011834  12784965  12886990  12600895'
b'   12720416  12707744  12825494  12850971  13009942  12780602  12884084  12600426'
b'   12720317  12704255  12818454  12848847  13007796  12774664  12880766  12600385'
b'   12720837  12700007  12810451  12846773  13005500  12767302  12876579  12601030'
b'   12721087  12696891  12804018  12844753  13004094  12762870  12874437  12601616'
b'   12722384  12694799  12797968  12843955  13003430  12757168  12872460  12603313'
b'   12722325  12690511  12790515  12841810  13001703  12751252  12869004  12603697'
b'   12723430  12688692  12784899  12840705  13000729  12745763  12866892  12604847'
b'   12723706  12684289  12778747  12838892  12998765  12739171  12862541  12605548'
b'   12724274  12679450  12768655  12835869  12996645  12732564  12859293  12606542'
b'   12723139  12669265  12754549  12831935  12994081  12723875  12852585  12606723'
b'   12725029  12664470  12745133  12831135  12994393  12719575  12850807  12609705'
b'   12725652  12658634  12732802  12828300  12994181  12715330  12849369  12611581'
b'   12725851  12654354  12723141  12824947  12991312  12706269  12845421  12611941'
b'   12726328  12648397  12714856  12822848  12989565  12699343  12840499  12612704'
b'   12727091  12643529  12706726  12820962  12988201  12692697  12836634  12613639'
b'   12727260  12640680  12701939  12819818  12987314  12688137  12833783  12613724'
b'   12727809  12637636  12694586  12817606  12985193  12679903  12829573  12613833'
b'   12729326  12638633  12694061  12817861  12985635  12679235  12830165  12615280'
b'   12730442  12639182  12693495  12817882  12985737  12678511  12830362  12616227'
b'   12730691  12636183  12686893  12815977  12984494  12674356  12828240  12616371'
b'   12731616  12636154  12686611  12816043  12984600  12674217  12828338  12617242'
b'   12731599  12630644  12676910  12813458  12982427  12667598  12824202  12617096'
b'   12732408  12627140  12670474  12812320  12980881  12662053  12820373  12616931'
b'   12733295  12623580  12663225  12811017  12979484  12656416  12817086  12617213'
b'   12734270  12621060  12658087  12810015  12978562  12652406  12814616  12617908'
b'   12733858  12618957  12654810  12808498  12976698  12649511  12812665  12616982'
b'   12733537  12617805  12652772  12807380  12975478  12647604  12811315  12616552'
b'   12734318  12617855  12652217  12807537  12975772  12647351  12811495  12617417'
b'   12735291  12618176  12651967  12807826  12975997  12647371  12812210  12618452'
b'   12733893  12616107  12649574  12805915  12974049  12644997  12810163  12616888'
b'   12735486  12617304  12650460  12806987  12975059  12645753  12811271  12618565'
b'   12735915  12617138  12649884  12806848  12974910  12645430  12811156  12618920'
b'   12736202  12617030  12649822  12806799  12974973  12645218  12811285  12619317'
b'   12736149  12616749  12649347  12806347  12974622  12644805  12811059  12619345'
b'   12736002  12616072  12648641  12805637  12974119  12644138  12810469  12619156'
b'   12735973  12615746  12648142  12805363  12973795  12643733  12810198  12619218'
b'   12735825  12615467  12647916  12805030  12973681  12643361  12810083  12619181'
b'   12735368  12614699  12646985  12804246  12973100  12642555  12809373  12618822'
b'   12734875  12613949  12646205  12803461  12972485  12641872  12808787  12618392'
b'   12736025  12615038  12647332  12804359  12973758  12643122  12810126  12619983'
b'   12736546  12615491  12647798  12804577  12974363  12643658  12810728  12620686'
b'   12736448  12615081  12647313  12804291  12974509  12643487  12810587  12620604'
b'   12735679  12613889  12646138  12803146  12973448  12642222  12809434  12619732'
b'   12736266  12614086  12646319  12803484  12973694  12642435  12809590  12620054'
b'   12734311  12611751  12643768  12801168  12971466  12639932  12806923  12617782'
b'   12735231  12612270  12644187  12801833  12971811  12640301  12807290  12618407'
b'   12734660  12611339  12643166  12800939  12970887  12639243  12806321  12617684'
b'   12734818  12611173  12642709  12800921  12970127  12638551  12805550  12617282'
b'   12735703  12611639  12643171  12801363  12970209  12638882  12805870  12617860'
b'   12736554  12612451  12643916  12802061  12970685  12639438  12806505  12618631'
b'   12735385  12611179  12642768  12800824  12969358  12638211  12805274  12617343'
b'   12734835  12610665  12642155  12800150  12968754  12637640  12804720  12617000'
b'   12735552  12611410  12642913  12800884  12969502  12638410  12805516  12617671'
b'   12735175  12610814  12642486  12800357  12969231  12638050  12805213  12617392'
b'   12735530  12611129  12642698  12800607  12969417  12638349  12805491  12617735'
b'   12735637  12611175  12642815  12800517  12969421  12638346  12805472  12617942'
b'   12735357  12610819  12642418  12800111  12969009  12637905  12805263  12617721'
b'   12735030  12610463  12642105  12799603  12968546  12637530  12804928  12617417'
b'   12735348  12610701  12642413  12799859  12968737  12637847  12805209  12617930'
b'   12735856  12611230  12642936  12800206  12969195  12638329  12805721  12618604'
b'   12734937  12610281  12641898  12799144  12968260  12637274  12804759  12617652'
b'   12734523  12609990  12641583  12798729  12968068  12637092  12804622  12617444'
b'   12735237  12610708  12642319  12799251  12968664  12637826  12805317  12618420'
b'   12734809  12610404  12642083  12798803  12968353  12637405  12805138  12618143'
b'   12734832  12610389  12641977  12798635  12968377  12637448  12805141  12618377'
b'   12735261  12610590  12642254  12799072  12968745  12637840  12805421  12618713'
b'   12734915  12610033  12641720  12798644  12968202  12637285  12804864  12618274'
b'   12734706  12609433  12641114  12798172  12967918  12636729  12804422  12617879'
b'   12734544  12609243  12640739  12797856  12967600  12636654  12804093  12617669'
b'   12734240  12608500  12639704  12797368  12966831  12635869  12803138  12616962'
b'   12733979  12608052  12639386  12796961  12966403  12635360  12802578  12616440'
b'   12734675  12608666  12640062  12797446  12966806  12635755  12803014  12616918'
b'   12735119  12609143  12640409  12797810  12966993  12636204  12803638  12617562'
b'   12735081  12608970  12640194  12797643  12966911  12636063  12803653  12617562'
b'   12734472  12608219  12639409  12796962  12966160  12635332  12802987  12616909'
b'   12733769  12607553  12638698  12796120  12965325  12634640  12802158  12616099'
b'   12734166  12607936  12639179  12796393  12965655  12634978  12802459  12616513'
b'   12735006  12608724  12640014  12797141  12966425  12635730  12803328  12617443'
b'   12733842  12607515  12638807  12796008  12965255  12634500  12802345  12616317'
b'   12734480  12608049  12639430  12796538  12965710  12635080  12802855  12616925'
b'   12734225  12607876  12639186  12796215  12965548  12634819  12802644  12616727'
b'   12734830  12608292  12639762  12796682  12965997  12635364  12803255  12617202'
b'   12734022  12607442  12638810  12795760  12965113  12634463  12802360  12616517'
b'   12734447  12607841  12639094  12795912  12965387  12634783  12802499  12616824'
b'   12734909  12608335  12639746  12796478  12965847  12635244  12803065  12617339'
b'   12734988  12608371  12639745  12796427  12965920  12635318  12803114  12617504'
b'   12734741  12608230  12639592  12796172  12965643  12635162  12802837  12617344'
b'   12735162  12608555  12639906  12796487  12965932  12635429  12803157  12617736'
b'   12735438  12608703  12640054  12796683  12966123  12635660  12803456  12618079'
