b'   12086634  11970526  12000391  12056236  12264788  12049397  12194769  12013916'
b'   12126309  12007034  12035296  12093842  12302631  12083880  12233649  12051191'
b'   12204927  12077976  12103575  12165799  12376405  12151454  12312097  12122333'
b'   12235296  12104533  12129110  12192612  12404119  12177032  12343065  12148751'
b'   12253745  12120512  12144480  12208866  12420756  12192807  12361727  12164595'
b'   12265174  12130257  12153775  12218691  12431097  12202326  12373261  12174254'
b'   12275178  12138917  12162262  12227298  12440319  12210897  12383059  12182745'
b'   12281504  12144202  12167314  12232682  12446249  12216346  12389382  12188068'
b'   12287988  12149861  12172749  12238302  12452145  12221922  12395600  12193613'
b'   12294224  12155523  12178311  12243841  12458030  12227577  12401790  12199384'
b'   12296744  12157390  12180183  12245754  12460460  12229440  12404141  12201288'
b'   12301242  12161637  12184229  12249916  12464719  12233631  12408529  12205256'
b'   12303847  12163645  12186194  12252013  12467091  12235722  12410912  12207252'
b'   12307169  12166782  12189096  12255217  12470368  12238919  12414299  12210317'
b'   12309746  12169020  12191349  12257535  12472706  12241042  12416635  12212395'
b'   12311837  12170738  12192902  12259413  12474691  12242691  12418596  12213951'
b'   12314095  12172777  12194853  12261585  12476889  12244734  12420802  12215992'
b'   12314896  12173113  12194954  12262147  12477287  12245137  12421431  12216194'
b'   12319842  12175954  12197430  12264483  12479634  12247283  12423848  12219714'
b'   12326359  12178751  12198685  12265979  12481024  12248405  12425831  12224840'
b'   12330499  12180376  12198438  12266358  12481455  12248019  12427774  12230148'
b'   12336215  12182919  12199570  12267591  12482573  12248758  12430361  12235454'
b'   12344275  12186284  12200673  12268593  12483589  12249419  12430119  12235053'
b'   12346332  12185929  12201081  12268817  12483963  12249785  12430285  12237171'
b'   12351008  12189521  12203411  12271349  12486562  12251801  12432636  12239784'
b'   12351846  12189609  12204522  12272413  12487596  12252843  12433839  12242165'
b'   12353743  12190663  12204734  12272462  12487840  12252781  12434388  12242739'
b'   12355123  12192076  12206318  12273863  12489225  12254305  12436323  12245650'
b'   12352444  12189382  12205492  12273193  12488719  12253663  12435813  12247511'
b'   12353759  12191561  12207812  12275665  12491072  12256090  12439042  12251307'
b'   12353064  12191591  12207337  12275585  12491265  12255898  12440954  12255979'
b'   12355209  12192455  12208317  12276872  12492587  12256822  12442971  12259905'
b'   12362976  12195213  12208686  12277233  12492807  12256747  12445726  12266790'
b'   12369067  12197963  12209851  12278063  12493931  12257531  12448482  12272695'
b'   12372971  12200419  12208653  12276631  12492604  12255932  12450749  12276870'
b'   12379493  12206375  12211546  12278938  12495035  12258355  12456077  12281988'
b'   12380574  12208168  12211118  12278174  12494437  12257664  12457787  12282737'
b'   12382651  12210148  12212178  12279447  12495619  12258286  12458283  12281849'
b'   12385841  12213489  12213298  12280236  12496094  12258875  12460363  12282940'
b'   12388721  12215389  12213812  12280428  12496348  12259048  12461662  12285174'
b'   12386605  12213704  12213092  12280147  12495922  12258466  12460445  12283379'
b'   12380330  12209880  12214359  12282206  12497823  12260647  12458581  12279807'
b'   12364409  12203464  12215843  12283907  12499640  12263171  12453039  12263820'
b'   12353162  12201872  12217556  12284836  12500463  12265458  12450645  12248779'
b'   12350619  12200882  12217777  12285032  12500689  12265847  12449637  12246288'
b'   12350898  12202217  12219810  12286887  12502490  12267664  12450719  12246525'
b'   12351295  12203260  12221372  12288430  12503944  12269320  12451744  12246952'
b'   12350466  12202946  12221416  12288435  12504087  12269242  12451338  12246169'
b'   12350589  12203232  12222164  12289081  12504626  12269901  12451655  12246113'
b'   12351096  12204095  12223272  12290015  12505595  12270808  12452356  12246498'
b'   12351364  12204593  12223725  12290466  12506055  12271216  12452656  12246540'
b'   12350995  12204230  12223633  12290488  12506228  12271200  12452418  12246101'
b'   12350074  12203403  12223028  12289941  12505734  12270420  12451555  12245107'
b'   12351783  12205275  12224982  12291748  12507666  12272367  12453376  12246729'
b'   12351919  12205567  12225308  12292162  12508021  12272731  12453575  12246835'
b'   12353594  12207446  12227203  12294040  12510001  12274668  12455318  12248505'
b'   12352716  12206596  12226528  12293336  12509470  12273925  12454691  12247528'
b'   12353457  12207473  12227501  12294204  12510530  12274721  12455482  12248297'
b'   12353500  12207511  12227707  12294413  12510969  12275116  12455642  12248302'
b'   12354194  12208192  12228478  12295134  12511902  12275788  12456266  12248890'
b'   12353986  12208421  12228512  12295219  12512118  12276092  12456584  12249007'
b'   12354152  12208426  12228609  12295550  12512518  12276249  12456606  12248832'
b'   12354850  12209011  12229470  12296287  12513391  12276906  12457294  12249388'
b'   12356131  12210338  12230707  12297547  12514779  12278307  12458528  12250678'
b'   12356238  12210513  12230957  12297917  12514857  12278419  12458529  12250755'
b'   12355573  12209413  12229891  12297160  12513719  12277195  12457403  12249721'
b'   12354832  12208652  12229122  12296571  12513060  12276372  12456660  12248935'
b'   12355166  12208865  12229259  12296910  12513108  12276441  12456761  12249031'
b'   12355307  12208809  12229357  12297175  12512922  12276279  12456597  12248876'
b'   12355079  12208696  12229151  12296964  12512521  12275929  12456252  12248448'
b'   12356638  12210410  12230897  12298698  12514120  12277566  12457896  12249986'
b'   12356588  12210394  12230964  12298638  12514098  12277540  12457891  12249950'
b'   12356632  12210467  12231094  12298765  12514268  12277616  12457907  12249835'
b'   12356337  12210308  12230824  12298539  12513948  12277361  12457755  12249549'
b'   12356456  12210554  12231118  12298787  12514225  12277525  12458003  12249707'
b'   12357839  12212049  12232507  12300146  12515618  12279069  12459419  12251072'
b'   12358119  12212334  12232997  12300643  12516046  12279429  12459842  12251481'
b'   12358055  12212336  12233024  12300641  12516183  12279521  12459945  12251536'
b'   12358332  12212307  12233293  12300724  12516376  12279605  12459905  12252475'
b'   12359129  12210552  12232034  12299645  12515371  12278328  12458098  12254563'
b'   12360355  12210133  12231772  12299811  12515652  12278136  12457922  12256118'
b'   12363081  12211960  12233691  12301445  12517489  12279957  12459705  12258618'
b'   12365022  12211629  12233566  12301389  12517616  12279934  12459595  12260709'
b'   12366181  12211689  12233516  12301435  12517882  12280216  12459659  12261477'
b'   12368554  12210372  12232564  12300308  12517427  12279272  12458715  12264442'
b'   12371091  12209219  12231637  12299681  12516919  12278392  12457838  12267981'
b'   12377035  12209958  12232240  12300847  12518044  12278642  12458663  12274002'
b'   12380355  12208694  12230228  12299479  12516792  12276796  12457555  12277180'
b'   12383079  12210102  12231002  12300555  12517867  12277340  12458874  12280285'
b'   12386568  12209691  12230011  12300176  12516982  12276204  12458435  12283642'
b'   12391590  12209615  12228643  12299626  12516212  12274646  12457840  12287075'
b'   12395094  12209701  12227839  12299182  12515119  12273304  12457854  12290284'
b'   12399964  12209726  12226278  12297980  12513180  12271239  12457440  12294019'
b'   12406005  12211153  12225498  12297700  12512666  12270084  12459043  12300361'
b'   12413223  12213129  12224935  12297339  12512150  12268945  12460515  12305811'
b'   12420386  12215975  12223805  12296379  12511266  12267332  12463188  12312394'
b'   12426297  12218413  12222152  12295219  12509919  12265404  12466445  12320485'
b'   12430880  12219917  12221936  12294437  12508653  12264388  12469224  12327085'
b'   12429121  12218118  12221446  12294836  12509524  12264672  12470126  12329369'
b'   12432806  12217408  12219478  12293109  12507245  12262173  12469919  12333532'
b'   12434586  12220171  12220852  12294721  12508068  12262863  12472812  12336490'
b'   12435035  12220300  12220625  12294840  12507683  12262141  12473628  12338219'
b'   12435916  12223149  12221154  12294635  12507328  12262262  12475657  12338802'
b'   12437368  12226332  12222998  12295876  12508854  12264361  12480340  12342022'
b'   12433874  12225261  12223130  12295898  12509153  12265090  12482548  12344465'
b'   12430458  12225192  12224614  12297341  12510491  12267054  12485536  12346348'
b'   12428819  12225333  12224807  12297292  12510676  12267605  12488151  12348418'
b'   12427951  12223000  12224195  12296539  12511071  12267918  12487440  12349048'
b'   12428546  12223076  12224372  12296358  12511331  12268182  12487349  12349021'
b'   12428627  12223298  12224158  12296179  12510914  12267752  12487000  12348036'
b'   12431827  12225965  12224675  12296242  12511284  12268064  12490469  12352053'
b'   12434737  12227708  12225557  12296413  12511548  12268993  12491416  12351714'
b'   12436337  12227134  12224467  12295644  12509791  12266898  12488731  12350124'
b'   12436532  12227227  12224824  12296379  12510766  12267328  12489145  12350206'
b'   12439605  12229291  12224727  12296046  12510541  12267236  12491056  12351124'
b'   12447970  12234451  12224288  12294791  12508805  12265368  12489291  12344707'
b'   12458407  12243338  12226789  12295561  12509519  12265834  12487588  12336318'
b'   12459208  12247749  12228152  12296025  12510694  12267074  12490481  12337647'
b'   12460457  12250535  12229284  12296913  12512127  12268270  12492436  12339145'
b'   12462294  12250825  12228190  12295389  12510195  12267002  12494060  12343913'
b'   12463464  12252497  12228957  12295876  12510052  12267571  12498128  12349435'
b'   12462821  12253418  12227672  12294081  12507669  12266147  12502502  12355440'
b'   12464108  12255662  12229103  12295245  12508579  12267613  12507412  12360920'
b'   12463388  12255465  12229285  12295314  12508865  12268275  12508717  12362545'
b'   12461672  12254665  12229137  12295009  12508609  12268527  12509731  12364416'
b'   12460034  12255939  12229157  12294435  12508602  12269180  12514369  12367227'
b'   12460496  12258736  12230476  12294821  12509558  12270977  12518866  12369779'
b'   12463879  12263755  12232061  12294563  12509909  12272308  12524061  12371942'
b'   12468572  12266100  12232205  12294004  12509497  12272649  12527927  12377374'
b'   12470942  12271380  12233547  12293321  12509057  12273807  12534941  12380640'
b'   12473735  12275676  12235217  12293257  12509239  12275050  12538710  12382229'
b'   12476149  12279228  12236021  12292352  12508131  12275824  12544991  12387966'
b'   12478226  12280094  12236842  12293341  12508612  12276517  12546985  12392055'
b'   12481776  12280828  12236144  12292935  12508710  12276014  12548223  12396046'
b'   12487298  12283048  12236292  12293206  12509092  12276136  12550734  12401842'
b'   12489987  12284684  12234829  12291488  12508053  12274906  12552220  12403608'
b'   12496669  12290681  12236276  12291301  12507460  12275249  12556314  12408068'
b'   12500661  12296747  12237852  12290694  12506955  12275877  12561988  12411524'
b'   12505364  12301771  12238736  12290671  12507169  12276285  12563638  12412604'
b'   12507356  12304977  12239065  12290269  12506093  12276027  12565609  12413458'
b'   12508738  12308311  12241098  12291390  12507218  12277451  12569401  12416502'
b'   12509475  12305412  12238986  12291007  12504315  12275318  12567942  12419245'
b'   12512394  12306397  12239019  12291459  12505107  12275602  12569456  12422455'
b'   12513768  12307120  12238401  12290919  12504192  12274746  12569078  12422501'
b'   12515231  12306886  12236867  12289931  12503363  12273033  12567483  12422717'
b'   12518469  12309908  12238924  12292008  12505108  12275139  12571686  12427704'
b'   12520414  12315833  12241623  12293089  12505874  12277410  12577259  12430442'
b'   12519980  12322571  12246464  12294496  12507207  12281594  12584419  12430595'
b'   12520605  12329011  12251992  12297124  12509168  12287113  12592669  12433420'
b'   12522513  12333218  12255087  12298687  12510303  12290703  12598945  12437832'
b'   12524021  12336741  12257240  12299084  12510430  12292476  12602215  12439204'
b'   12525505  12338437  12258492  12299580  12510086  12293670  12605382  12442657'
b'   12529446  12341328  12259861  12300671  12511508  12295228  12608402  12446982'
b'   12532843  12342793  12259295  12300308  12510807  12294291  12609237  12450329'
b'   12535954  12345216  12259931  12300382  12510629  12294620  12611611  12453554'
b'   12539687  12347803  12260774  12301057  12511261  12295510  12614055  12457535'
b'   12541380  12350289  12262209  12301894  12512319  12297095  12616887  12459435'
b'   12543053  12354237  12265242  12303330  12513907  12299782  12620048  12460360'
b'   12545077  12354328  12264617  12302980  12513886  12299566  12620972  12463449'
b'   12546613  12357532  12266759  12303906  12514827  12301413  12623560  12464333'
b'   12548525  12361447  12269903  12305936  12517417  12303950  12625172  12464366'
b'   12549191  12360834  12268434  12304497  12516004  12302273  12624065  12464415'
b'   12550531  12364883  12272498  12307590  12519273  12306885  12628766  12466049'
b'   12551382  12367173  12274351  12308271  12520005  12308379  12630266  12466293'
b'   12550920  12368668  12275994  12308999  12520302  12310127  12631943  12466222'
b'   12550715  12368383  12276390  12309643  12520672  12310672  12632627  12466976'
b'   12552050  12367661  12275060  12309099  12519395  12309476  12631968  12468577'
b'   12553280  12367548  12274704  12309084  12518765  12309263  12632682  12470433'
b'   12553595  12368947  12276994  12310876  12520949  12311785  12635042  12471411'
b'   12553044  12369766  12278606  12311906  12521741  12313300  12636363  12471096'
b'   12551218  12368712  12278808  12311909  12522026  12314188  12636903  12470380'
b'   12550938  12368048  12278896  12312521  12522932  12315116  12637409  12471255'
b'   12552305  12367976  12278591  12312377  12522940  12313629  12635146  12470459'
b'   12552919  12367262  12278210  12312817  12523277  12313738  12636096  12472771'
b'   12553107  12367277  12278589  12313518  12524494  12314640  12636639  12472957'
b'   12552912  12367928  12279673  12314070  12524873  12314921  12635731  12471362'
b'   12552858  12366212  12278170  12313293  12524492  12313327  12633705  12470861'
b'   12551177  12366276  12279364  12314374  12525651  12314046  12632339  12467435'
b'   12552803  12365587  12278684  12314274  12524879  12313380  12632263  12469959'
b'   12552394  12364470  12277430  12313668  12525001  12312703  12631645  12469919'
b'   12549782  12365409  12280438  12315798  12526771  12314498  12630413  12464286'
b'   12549588  12362334  12278438  12314913  12525882  12312388  12626983  12463836'
b'   12546465  12357042  12275890  12314220  12526345  12309735  12619447  12457932'
b'   12541857  12347869  12270691  12311446  12524338  12304058  12607176  12449091'
b'   12537447  12336016  12263501  12307369  12520934  12296386  12591596  12439950'
b'   12528272  12330512  12263369  12308050  12521699  12296737  12586545  12429782'
b'   12522760  12328667  12265155  12308825  12522820  12297955  12582737  12421130'
b'   12518300  12325421  12265709  12310148  12524790  12298707  12578292  12414837'
b'   12512263  12320756  12265728  12311025  12525985  12298968  12572298  12406581'
b'   12501142  12310375  12263531  12311376  12526384  12297772  12562328  12394901'
b'   12491053  12301673  12263273  12313329  12528930  12298931  12553858  12384174'
b'   12473809  12287613  12262644  12316323  12532585  12300751  12541655  12367924'
b'   12459932  12276686  12261688  12317602  12533883  12300952  12529697  12352775'
b'   12443663  12266415  12263069  12321341  12536354  12303021  12519329  12336352'
b'   12431403  12259749  12264234  12323846  12538955  12305318  12512244  12322000'
b'   12422767  12255503  12264839  12325000  12539986  12306162  12507060  12311368'
b'   12419529  12253932  12265157  12325692  12540689  12306496  12504863  12307863'
b'   12416522  12252353  12264696  12325676  12540422  12306211  12503017  12304748'
b'   12416097  12253140  12266341  12327534  12542314  12307858  12503438  12304424'
b'   12413501  12251322  12265220  12326793  12541636  12306960  12501256  12301616'
b'   12413338  12252086  12266609  12328309  12543040  12308249  12501656  12301716'
b'   12412581  12252012  12267065  12328802  12543661  12308590  12501254  12300711'
b'   12409704  12249700  12265154  12327221  12542105  12306894  12498784  12297857'
b'   12408683  12249189  12265030  12327290  12542153  12306765  12498259  12296952'
b'   12408622  12249591  12265757  12328061  12543150  12307522  12498547  12296878'
b'   12407830  12249325  12265715  12327948  12543378  12307514  12498008  12296355'
b'   12406117  12247775  12264239  12326696  12542265  12306192  12496490  12294560'
b'   12406478  12248686  12265430  12327746  12543740  12307579  12497307  12295192'
b'   12406456  12249254  12266213  12328426  12545080  12308614  12498057  12295536'
b'   12406254  12249397  12266500  12328873  12545932  12309028  12498102  12295478'
b'   12405105  12248285  12265418  12328089  12545356  12308207  12497019  12294246'
b'   12404411  12247785  12265175  12327954  12545328  12307923  12496339  12293590'
b'   12404212  12247709  12265148  12328235  12545802  12307921  12496029  12293429'
b'   12403175  12246736  12264103  12327648  12545082  12307051  12494926  12292355'
b'   12404015  12247642  12265108  12328813  12546172  12307974  12495547  12293056'
b'   12403664  12247251  12264823  12328681  12545856  12307598  12495019  12292535'
b'   12403089  12246423  12263913  12328300  12544654  12306466  12494009  12291769'
b'   12402060  12245365  12262846  12327306  12543401  12305306  12492832  12290647'
b'   12402412  12245950  12263449  12327960  12543759  12305921  12493341  12290870'
b'   12401401  12245104  12262668  12327307  12543147  12305174  12492566  12289875'
b'   12400850  12244840  12262418  12326933  12542975  12304716  12492073  12289331'
b'   12401545  12245633  12263312  12327754  12543730  12305712  12492891  12290024'
b'   12400534  12244869  12262469  12327053  12543106  12304832  12492061  12289092'
b'   12400131  12244670  12262313  12326917  12542911  12304555  12491654  12288630'
b'   12400595  12245232  12262974  12327434  12543460  12305123  12492148  12289156'
b'   12399815  12244461  12262266  12326743  12542857  12304409  12491471  12288422'
b'   12401551  12246311  12264101  12328555  12544620  12306088  12492839  12290004'
b'   12401119  12245977  12263699  12328487  12544449  12305960  12492807  12289714'
b'   12400012  12244907  12262734  12327587  12543546  12304960  12491654  12288625'
b'   12401569  12246604  12264504  12329441  12545149  12306695  12493317  12290154'
b'   12401136  12246241  12264184  12328994  12545046  12306332  12492986  12289824'
b'   12400301  12245373  12263389  12328229  12544462  12305566  12492287  12289016'
b'   12400820  12246148  12264139  12328975  12545121  12306342  12492864  12289725'
b'   12399380  12244682  12262685  12327590  12543830  12304974  12491401  12288134'
b'   12400506  12245749  12263753  12328673  12544885  12305917  12492481  12289087'
b'   12400111  12245421  12263426  12328433  12544708  12305711  12492195  12288781'
b'   12398863  12244162  12262071  12327299  12543554  12304409  12490901  12287615'
b'   12399150  12244583  12262576  12327824  12544085  12304852  12491216  12287980'
b'   12399522  12245044  12263013  12328284  12544457  12305309  12491607  12288339'
b'   12398729  12244173  12262212  12327551  12543729  12304511  12490866  12287452'
b'   12398994  12244501  12262461  12327879  12544056  12304845  12491121  12287705'
b'   12397667  12243163  12261102  12326693  12542835  12303601  12489863  12286345'
b'   12398099  12243512  12261477  12327178  12543181  12303980  12490261  12286710'
b'   12397664  12243038  12261036  12326864  12542947  12303671  12489849  12286283'
b'   12397828  12243312  12261273  12327178  12543173  12304016  12490151  12286577'
b'   12398259  12243752  12261871  12327648  12543713  12304426  12490595  12287051'
b'   12398645  12244235  12262213  12328069  12544085  12304872  12490987  12287409'
b'   12396918  12242494  12260708  12326649  12542745  12303325  12489497  12285731'
b'   12397832  12243485  12261539  12327631  12543734  12304384  12490394  12286558'
b'   12396788  12242497  12260519  12326706  12542684  12303223  12489393  12285575'
b'   12396396  12242121  12260285  12326452  12542527  12302991  12489089  12285133'
b'   12395991  12241803  12259878  12326110  12542209  12302660  12488656  12284739'
b'   12397104  12242873  12260947  12327296  12543343  12303849  12489771  12285844'
b'   12397321  12243267  12261355  12327550  12543658  12304226  12490142  12286201'
b'   12397275  12243278  12261389  12327702  12543726  12304178  12490208  12286225'
b'   12396942  12242900  12260998  12327362  12543502  12303860  12489845  12285805'
b'   12396253  12242278  12260466  12326631  12542801  12303147  12489053  12284957'
b'   12396339  12242433  12260586  12326990  12543062  12303397  12489543  12285324'
b'   12396252  12242297  12260499  12326809  12543027  12303322  12489224  12285120'
b'   12395438  12241402  12259660  12326021  12542228  12302511  12488353  12284290'
b'   12395383  12241597  12259757  12326313  12542441  12302521  12488502  12284329'
b'   12396094  12242193  12260449  12326832  12543104  12303274  12489115  12284959'
b'   12395685  12241836  12259923  12326610  12542727  12302780  12488734  12284552'
b'   12395909  12242024  12260225  12326762  12543003  12303023  12488925  12284751'
b'   12396273  12242429  12260552  12327283  12543421  12303577  12489311  12285167'
b'   12396226  12242368  12260481  12327228  12543470  12303413  12489294  12285134'
b'   12396351  12242505  12260527  12327358  12543482  12303489  12489397  12285234'
b'   12394579  12240734  12258718  12325627  12541845  12301802  12487677  12283383'
b'   12395603  12241807  12259833  12326793  12542919  12302817  12488608  12284453'
b'   12395331  12241616  12259682  12326565  12542747  12302612  12488474  12284245'
b'   12394159  12240313  12258401  12325387  12541547  12301399  12487262  12282906'
b'   12394823  12241027  12258994  12326135  12542187  12302019  12487852  12283641'
b'   12395041  12241240  12259365  12326394  12542492  12302263  12488208  12283878'
b'   12395743  12241949  12260030  12327032  12543083  12302935  12488889  12284557'
b'   12394666  12240952  12259093  12326117  12542204  12302096  12487897  12283504'
b'   12393724  12239945  12258035  12325256  12541428  12301083  12487112  12282626'
b'   12395323  12241491  12259698  12326894  12542978  12302759  12488672  12284202'
b'   12394671  12240970  12258914  12326303  12542448  12302095  12487996  12283554'
b'   12394956  12241257  12259329  12326551  12542731  12302483  12488380  12283815'
b'   12393956  12240301  12258531  12325632  12541788  12301499  12487450  12282926'
b'   12394498  12240802  12258969  12326151  12542351  12301848  12487822  12283286'
b'   12395522  12241879  12260102  12327224  12543368  12302970  12488930  12284379'
b'   12395573  12242018  12260282  12327448  12543600  12303254  12489142  12284543'
b'   12393634  12240025  12258318  12325502  12541818  12301350  12487195  12282633'
b'   12394844  12241302  12259680  12326751  12543002  12302504  12488452  12283873'
b'   12393144  12239468  12257686  12324983  12541276  12300801  12486755  12282081'
b'   12394915  12241274  12259487  12326790  12543015  12302565  12488412  12283853'
b'   12393923  12240496  12258669  12325950  12542249  12301661  12487601  12282987'
b'   12394171  12240608  12258746  12326206  12542361  12301787  12487768  12283154'
b'   12394171  12240556  12258704  12326212  12542369  12301926  12487772  12283176'
b'   12394243  12240629  12258754  12326285  12542410  12301848  12487803  12283172'
b'   12393738  12240158  12258337  12325748  12542038  12301457  12487260  12282763'
b'   12394503  12240870  12259001  12326566  12542631  12302128  12487960  12283376'
b'   12393633  12239981  12258156  12325806  12541861  12301300  12487097  12282554'
b'   12394549  12241083  12259182  12326730  12542921  12302328  12488122  12283505'
b'   12394060  12240587  12258638  12326204  12542456  12301853  12487591  12283062'
b'   12394195  12240680  12258848  12326325  12542559  12301927  12487755  12283192'
b'   12393787  12240266  12258444  12326071  12542193  12301571  12487381  12282740'
b'   12393973  12240490  12258666  12326317  12542512  12301814  12487661  12283029'
b'   12392635  12239181  12257313  12325067  12541400  12300468  12486482  12281712'
