b'   13483705  13343717  13407993  13748808  13915594  13375730  13568091  13287459'
b'   13520010  13379121  13442391  13786471  13953049  13408995  13605214  13322825'
b'   13591235  13447710  13509272  13859389  14026004  13473606  13679617  13390772'
b'   13622077  13476972  13538141  13890475  14057574  13501263  13712466  13419517'
b'   13640901  13494985  13555974  13909571  14077107  13518298  13732276  13437039'
b'   13654654  13508088  13568924  13923388  14091357  13530754  13746299  13449548'
b'   13666036  13519041  13579697  13934723  14103038  13541160  13757865  13460040'
b'   13673840  13526488  13587067  13942878  14111440  13548407  13766050  13467019'
b'   13681880  13534073  13594440  13950701  14119503  13555698  13773858  13474361'
b'   13687464  13539304  13599997  13956493  14125618  13560811  13780226  13479301'
b'   13692838  13544445  13605015  13961843  14131111  13565745  13785528  13484070'
b'   13697713  13549145  13609639  13966775  14136349  13570207  13790337  13488677'
b'   13701190  13552388  13612934  13970353  14140013  13573214  13793598  13491524'
b'   13704815  13555779  13616346  13973810  14143781  13576466  13797092  13494794'
b'   13706866  13557483  13618116  13975866  14146082  13578180  13799071  13496251'
b'   13710593  13561153  13621667  13979619  14149879  13581563  13802728  13499664'
b'   13712822  13563227  13623735  13981809  14152231  13583538  13804532  13501618'
b'   13715648  13565888  13626484  13984576  14155074  13586098  13807253  13504144'
b'   13717275  13567430  13628051  13986235  14156895  13587555  13808821  13505595'
b'   13719172  13569205  13629817  13988147  14158875  13589192  13810634  13507258'
b'   13720674  13570559  13631156  13989600  14160450  13590387  13811865  13508408'
b'   13722688  13572498  13633000  13991500  14162415  13592345  13813644  13510283'
b'   13723960  13573697  13634120  13992644  14163678  13593405  13814678  13511366'
b'   13725682  13575203  13635696  13994258  14165362  13594818  13816047  13512826'
b'   13726432  13575850  13636244  13994940  14166135  13595363  13816864  13513431'
b'   13727258  13576531  13637118  13996006  14167223  13596191  13817695  13513922'
b'   13727526  13576536  13637105  13996214  14167475  13596146  13817657  13513945'
b'   13728089  13576983  13637548  13996753  14168026  13596510  13817989  13514235'
b'   13728533  13577318  13637887  13997259  14168584  13596791  13818326  13514514'
b'   13729879  13578583  13639319  13998431  14169825  13598092  13819595  13515837'
b'   13730328  13579012  13639671  13998745  14170232  13598505  13820076  13516189'
b'   13730191  13578852  13639471  13998723  14170191  13598216  13819679  13516016'
b'   13732211  13580849  13641388  14000544  14171960  13600024  13821369  13518032'
b'   13732363  13580841  13641449  14000595  14172162  13600127  13821484  13518049'
b'   13732078  13580557  13641085  14000410  14171933  13599810  13821212  13517741'
b'   13732002  13580267  13641013  14000268  14171961  13599594  13820951  13517442'
b'   13732855  13581142  13641860  14001007  14172731  13600418  13821603  13518317'
b'   13732655  13580947  13641545  14000745  14172473  13600113  13821083  13518031'
b'   13732209  13580375  13641006  14000338  14172195  13599455  13820545  13517586'
b'   13733280  13581266  13641989  14001189  14173057  13600495  13821531  13518477'
b'   13732482  13580465  13641150  14000337  14172406  13599638  13820716  13517697'
b'   13733447  13581449  13642140  14001370  14173448  13600692  13821767  13518795'
b'   13733384  13581340  13642090  14001373  14173361  13600645  13821812  13518889'
b'   13733174  13581036  13641797  14001073  14173240  13600357  13821610  13518607'
b'   13732328  13580004  13640773  14000019  14172294  13599376  13820552  13517531'
b'   13732147  13579719  13640575  13999909  14172194  13599059  13820097  13517433'
b'   13732782  13580482  13641241  14000438  14172656  13599707  13820618  13518100'
b'   13732943  13580475  13641171  14000609  14172830  13599869  13820682  13518284'
b'   13732019  13579475  13640301  13999761  14171954  13598861  13819934  13517360'
b'   13732431  13579830  13640575  14000116  14172231  13599247  13820139  13517597'
b'   13732550  13579925  13640611  14000058  14172296  13599185  13820080  13517889'
b'   13731157  13578436  13639329  13998852  14171093  13597987  13818744  13516382'
b'   13731709  13578964  13639844  13999279  14171588  13598430  13819305  13517184'
b'   13731189  13578239  13639112  13998643  14171017  13597800  13818750  13516488'
b'   13730068  13577065  13637963  13997516  14169962  13596610  13817551  13515453'
b'   13730960  13578015  13638930  13998415  14170877  13597691  13818601  13516567'
b'   13731030  13578120  13639013  13998328  14170819  13597747  13818738  13516640'
b'   13730359  13577398  13638386  13997740  14170352  13597179  13818162  13516048'
b'   13730122  13577098  13637988  13997358  14169957  13596838  13817488  13515774'
b'   13729208  13576176  13637176  13996507  14169286  13595962  13816545  13514978'
b'   13728777  13575615  13636623  13996077  14168740  13595510  13815921  13514488'
b'   13728622  13575456  13636505  13995770  14168546  13595384  13815576  13514497'
b'   13728540  13575350  13636465  13995731  14168425  13595343  13815358  13514569'
b'   13727796  13574553  13635570  13995009  14167810  13594645  13814831  13513779'
b'   13728393  13575140  13636128  13995502  14168208  13595222  13815212  13514511'
b'   13728337  13575032  13636045  13995341  14168096  13595229  13814818  13514596'
b'   13727275  13573895  13634827  13994248  14167196  13594122  13813679  13513458'
b'   13726244  13572741  13633753  13993237  14166092  13593022  13812485  13512472'
b'   13726189  13572753  13633718  13993177  14166123  13592998  13812417  13512451'
b'   13726126  13572466  13633398  13993072  14165975  13592967  13812046  13512410'
b'   13726502  13572762  13633834  13993252  14166175  13593355  13812271  13512918'
b'   13724941  13571216  13632183  13991877  14164723  13591806  13810717  13511301'
b'   13723912  13570042  13631201  13990892  14163826  13590820  13809760  13510282'
b'   13724144  13570427  13631584  13991119  14164113  13591199  13810166  13510801'
b'   13723631  13569697  13630833  13990432  14163458  13590598  13809275  13510226'
b'   13723134  13569153  13630318  13989939  14163060  13590109  13808734  13509804'
b'   13723033  13569095  13630348  13989832  14162878  13590181  13808545  13509843'
b'   13723402  13569553  13630615  13990074  14162993  13590517  13808849  13510369'
b'   13721859  13567769  13629037  13988544  14161660  13589024  13807333  13508869'
b'   13721393  13567362  13628568  13988157  14161317  13588643  13807006  13508489'
b'   13720188  13565987  13627371  13986915  14160292  13587388  13805672  13507349'
b'   13720726  13566457  13627810  13987324  14160609  13588019  13806446  13507961'
b'   13720427  13566273  13627555  13987020  14160327  13587827  13806087  13507895'
b'   13719155  13564960  13626336  13985705  14159186  13586499  13804764  13506562'
b'   13719602  13565380  13626800  13986191  14159594  13587115  13805382  13507340'
b'   13718501  13564225  13625637  13985010  14158457  13585954  13804669  13506287'
b'   13718137  13563770  13625262  13984609  14158141  13585706  13804486  13506005'
b'   13718001  13563431  13624955  13984494  14157823  13585482  13804174  13505903'
b'   13717977  13563407  13624892  13984258  14157785  13585604  13803622  13505935'
b'   13717287  13562640  13624131  13983660  14157117  13584826  13802716  13505410'
b'   13716588  13561958  13623355  13982961  14156478  13584214  13801927  13504772'
b'   13716310  13561527  13622999  13982600  14156083  13583949  13801823  13504464'
b'   13714749  13559825  13621439  13981133  14154757  13582356  13800282  13502975'
b'   13714249  13559365  13621029  13980741  14154312  13582023  13799656  13502770'
b'   13714707  13559812  13621413  13981006  14154652  13582446  13799917  13503354'
b'   13713790  13558968  13620535  13980154  14153877  13581682  13799042  13502495'
b'   13712858  13557879  13619607  13979219  14152896  13580783  13797877  13501684'
b'   13712480  13557582  13619233  13978800  14152552  13580594  13797544  13501429'
b'   13711757  13556667  13618595  13978110  14151945  13579880  13796753  13500774'
b'   13711582  13556643  13618360  13977963  14151831  13579819  13796812  13500783'
b'   13711335  13556353  13618102  13977549  14151579  13579618  13796495  13500706'
b'   13710909  13555880  13617690  13977147  14151169  13579309  13796107  13500392'
b'   13710482  13555479  13617319  13976767  14150741  13578981  13795790  13500154'
b'   13709726  13554749  13616658  13976031  14150223  13578345  13795220  13499501'
b'   13709261  13554213  13616158  13975527  14149757  13578036  13794499  13499168'
b'   13708498  13553367  13615187  13974754  14148953  13577343  13793785  13498424'
b'   13708152  13552960  13614855  13974465  14148606  13576970  13793252  13498176'
b'   13707821  13552508  13614487  13974049  14148262  13576593  13793038  13497917'
b'   13707152  13551709  13613727  13973344  14147520  13575993  13792571  13497350'
b'   13706834  13551254  13613232  13973020  14147118  13575709  13792311  13497118'
b'   13706087  13550537  13612504  13972334  14146531  13575056  13791737  13496459'
b'   13705557  13549932  13612006  13971813  14145900  13574423  13791116  13496002'
b'   13705546  13549963  13612034  13971836  14145869  13574680  13791046  13496227'
b'   13705081  13549292  13611430  13971245  14145310  13574121  13790642  13495735'
b'   13704856  13549062  13611252  13970960  14145120  13573893  13790413  13495658'
b'   13702997  13547082  13609350  13969137  14143424  13572180  13788624  13493875'
b'   13703303  13547417  13609589  13969336  14143669  13572540  13789025  13494250'
b'   13702593  13546678  13608945  13968710  14142967  13571925  13788284  13493743'
b'   13702520  13546649  13608906  13968584  14142940  13572015  13787957  13493820'
b'   13701458  13545540  13607771  13967566  14141959  13571018  13786913  13492800'
b'   13701394  13545537  13607832  13967519  14141844  13570972  13786810  13492943'
b'   13699984  13544039  13606350  13966167  14140663  13569660  13785419  13491642'
b'   13700477  13544465  13606918  13966617  14141034  13570291  13785777  13492353'
b'   13699578  13543617  13606073  13965683  14140314  13569537  13784829  13491558'
b'   13698392  13542477  13604980  13964646  14139356  13568387  13783932  13490578'
b'   13698492  13542502  13604978  13964625  14139317  13568592  13783931  13490838'
b'   13698050  13542153  13604536  13964190  14138910  13568201  13783583  13490556'
b'   13697530  13541441  13603877  13963573  14138454  13567713  13783048  13490082'
b'   13696565  13540263  13602801  13962621  14137437  13566695  13782006  13489123'
b'   13695571  13539213  13601898  13961776  14136493  13565827  13781050  13488281'
b'   13694424  13538093  13600580  13960648  14135530  13564741  13779850  13487243'
b'   13694694  13538250  13600846  13960851  14135581  13565096  13780341  13487571'
b'   13694605  13538013  13600636  13960761  14135476  13564971  13779996  13487603'
b'   13694266  13537690  13600379  13960392  14135111  13564693  13779621  13487364'
b'   13693416  13536834  13599578  13959507  14134438  13563966  13778697  13486620'
b'   13692788  13536325  13599021  13958905  14133872  13563532  13778128  13486147'
b'   13691731  13535050  13597825  13957917  14132797  13562496  13777117  13485195'
b'   13691805  13535131  13597901  13957782  14132722  13562548  13777246  13485371'
b'   13691667  13534854  13597727  13957677  14132555  13562512  13776859  13485293'
b'   13691273  13534656  13597403  13957374  14132326  13562286  13776473  13485093'
b'   13690292  13533630  13596418  13956381  14131387  13561383  13775723  13484277'
b'   13689074  13532121  13595051  13955144  14130185  13560151  13774354  13483081'
b'   13689476  13532725  13595642  13955543  14130660  13560665  13774831  13483783'
b'   13688479  13531539  13594504  13954483  14129641  13559726  13774038  13482747'
b'   13688329  13531467  13594421  13954466  14129565  13559813  13773946  13482832'
b'   13686476  13529420  13592414  13952550  14127847  13557849  13771858  13481129'
b'   13686820  13529952  13592987  13952928  14128208  13558541  13772234  13481738'
b'   13686984  13529996  13593187  13953023  14128402  13558786  13772460  13482129'
b'   13686384  13529333  13592461  13952410  14127712  13558114  13771728  13481487'
b'   13685041  13528047  13591218  13951227  14126570  13556979  13770463  13480321'
b'   13684754  13527536  13590825  13950739  14126145  13556567  13770105  13480014'
b'   13683132  13525905  13589055  13949395  14124797  13555071  13768660  13478579'
b'   13683760  13526368  13589623  13949944  14125209  13555671  13769020  13479272'
b'   13682719  13525197  13588567  13948913  14124217  13554684  13767877  13478334'
b'   13682975  13525487  13588773  13949036  14124329  13555021  13768248  13478648'
b'   13682119  13524626  13587854  13948179  14123568  13554229  13767359  13477938'
b'   13681446  13524028  13587382  13947672  14122937  13553680  13767003  13477509'
b'   13680516  13522938  13586268  13946711  14122151  13552828  13765884  13476585'
b'   13680343  13522710  13586200  13946561  14121942  13552665  13765575  13476593'
b'   13679729  13522141  13585662  13945975  14121327  13552188  13764960  13476140'
b'   13679124  13521566  13584962  13945332  14120824  13551658  13764139  13475601'
b'   13679294  13521794  13585220  13945445  14121058  13552038  13764519  13476166'
b'   13678195  13520531  13584017  13944358  14119963  13550856  13763382  13475026'
b'   13677222  13519337  13583043  13943419  14119088  13549930  13762370  13474052'
b'   13677108  13519446  13583079  13943257  14119020  13550118  13762178  13474336'
b'   13676964  13519126  13582806  13943023  14118722  13549761  13761896  13474240'
b'   13676504  13518609  13582413  13942586  14118411  13549564  13761582  13473977'
b'   13676081  13518187  13582013  13942167  14118072  13549370  13761089  13473756'
b'   13674852  13516900  13580737  13941079  14117005  13548151  13759898  13472605'
b'   13674298  13516346  13580166  13940524  14116561  13547761  13759529  13472214'
b'   13672985  13514917  13578825  13939285  14115394  13546425  13758111  13471041'
b'   13673206  13515031  13578896  13939377  14115462  13546712  13758013  13471259'
b'   13672387  13514031  13578040  13938635  14114575  13545821  13757084  13470567'
b'   13672159  13513815  13577709  13938286  14114183  13545549  13757021  13470310'
b'   13671940  13513529  13577326  13938036  14113894  13545343  13756692  13470150'
b'   13670180  13511725  13575628  13936371  14112333  13543733  13755024  13468492'
b'   13671506  13513213  13576837  13937430  14113240  13544981  13756429  13470159'
b'   13670458  13512527  13575256  13935587  14111436  13543620  13757145  13469908'
b'   13670573  13512527  13575512  13935792  14111632  13543948  13756561  13469870'
b'   13668993  13510712  13573941  13934564  14110499  13542559  13754739  13468240'
b'   13670136  13511953  13573804  13934284  14110377  13542893  13758072  13471083'
b'   13671692  13512514  13572383  13932893  14108965  13542035  13761328  13474435'
b'   13677018  13515750  13571841  13932426  14108581  13542679  13769198  13481767'
b'   13681887  13518100  13570569  13931354  14107507  13542865  13776336  13487509'
b'   13687505  13521298  13569509  13929736  14105943  13542610  13782581  13491790'
b'   13692498  13523652  13567004  13927482  14103853  13541702  13790036  13496072'
b'   13698611  13528212  13566801  13926963  14103364  13543097  13798294  13500831'
b'   13702067  13530634  13565448  13925461  14102149  13543132  13802971  13502414'
b'   13708618  13534694  13565066  13924677  14101743  13543782  13808104  13505647'
b'   13712716  13536452  13563422  13923187  14100855  13543875  13813018  13508889'
b'   13718644  13538466  13562710  13922568  14100067  13543524  13815445  13512314'
b'   13725348  13540236  13560834  13920974  14098785  13542731  13819045  13515957'
b'   13729174  13541056  13558948  13919416  14097000  13541305  13820250  13517442'
b'   13732522  13542653  13557978  13918217  14096114  13541746  13824902  13520164'
b'   13735988  13544854  13557647  13917892  14096049  13542952  13830829  13522980'
b'   13743080  13548210  13557042  13917119  14095571  13543638  13836188  13526491'
b'   13747078  13550274  13555977  13915554  14094527  13543695  13839267  13527922'
b'   13753854  13552676  13554233  13913660  14093323  13542959  13842240  13529669'
b'   13757555  13554781  13554285  13913545  14093093  13542922  13842434  13530780'
b'   13759729  13556663  13554285  13912868  14092594  13543021  13843332  13531417'
b'   13762648  13557691  13553326  13911775  14091926  13543109  13846460  13533572'
b'   13766174  13559953  13553572  13911622  14091833  13543767  13848500  13535121'
b'   13769742  13562558  13553626  13911075  14091991  13544743  13851529  13536311'
b'   13776131  13564875  13552505  13909199  14090239  13542443  13847547  13534994'
b'   13779494  13565140  13551506  13908107  14088973  13540152  13843774  13534961'
b'   13781613  13564769  13551180  13907829  14088440  13539090  13841993  13536197'
b'   13784448  13564457  13550046  13906713  14087267  13537380  13840293  13537102'
b'   13784634  13565072  13549739  13905845  14086668  13537556  13841577  13537762'
b'   13784735  13565215  13549790  13905687  14086538  13537787  13842124  13538844'
b'   13785513  13566531  13550150  13905727  14086758  13538845  13844765  13540395'
b'   13785887  13566497  13549698  13905093  14086484  13539155  13846445  13541725'
b'   13784337  13565744  13549174  13904595  14086167  13539122  13846979  13542136'
b'   13783644  13564890  13548778  13904259  14086167  13539613  13849366  13544064'
b'   13783870  13564489  13547565  13903091  14084788  13538755  13849517  13543963'
b'   13786205  13565597  13547623  13902656  14084241  13538205  13848487  13543961'
b'   13788029  13565960  13547016  13901879  14083033  13537113  13846697  13544076'
b'   13788701  13565776  13547210  13901819  14082453  13535930  13843464  13543768'
b'   13787140  13564683  13546242  13900785  14081945  13535283  13842320  13542887'
b'   13785008  13563591  13545230  13899671  14081110  13534723  13842345  13542252'
b'   13783149  13562873  13544829  13899425  14081415  13535626  13845133  13543471'
b'   13781551  13562731  13544847  13899137  14081221  13535998  13844998  13543013'
b'   13782059  13563609  13545214  13899013  14080922  13535921  13843836  13542446'
b'   13781655  13562466  13544357  13898189  14080085  13535288  13844023  13543070'
b'   13780609  13561512  13543567  13897454  14079611  13535326  13845473  13544154'
b'   13779205  13560736  13543316  13897395  14080351  13536720  13849604  13546404'
b'   13775911  13558310  13542180  13896223  14079771  13536580  13850460  13546999'
b'   13776324  13557335  13541001  13895317  14079494  13536793  13852991  13548785'
b'   13773707  13556571  13540525  13894696  14078918  13536400  13851174  13547157'
b'   13773998  13556810  13540634  13894875  14079113  13537118  13853165  13548454'
b'   13774907  13557349  13541041  13895072  14079110  13537259  13852838  13548984'
b'   13774861  13557818  13540853  13894651  14078833  13537540  13853493  13548439'
b'   13775056  13557481  13539876  13893503  14077911  13536814  13853514  13548181'
b'   13774766  13556682  13539244  13892913  14077300  13536064  13852667  13548387'
b'   13776599  13556646  13538615  13892413  14077103  13535797  13853129  13549296'
b'   13776465  13555892  13538352  13892014  14076429  13534876  13850867  13549333'
b'   13775196  13553898  13536481  13890405  14074683  13533308  13850383  13549085'
b'   13774909  13553947  13536375  13890286  14074228  13533395  13850685  13549076'
b'   13772528  13553240  13536135  13889914  14074251  13533894  13852605  13549340'
b'   13771003  13551872  13535219  13889325  14073567  13533362  13852440  13549100'
b'   13770340  13551719  13535292  13889192  14073350  13533058  13850664  13548656'
b'   13768348  13550432  13535078  13888674  14072884  13532549  13848846  13548235'
b'   13766893  13549265  13534468  13888090  14072260  13531983  13847892  13547735'
b'   13763147  13548009  13534865  13888127  14071867  13531125  13843205  13545340'
b'   13758673  13546445  13535384  13888392  14071928  13531244  13841109  13544143'
b'   13753317  13544238  13535211  13887763  14071014  13529634  13835277  13540176'
b'   13746411  13541187  13535328  13887331  14069861  13527529  13827489  13535640'
b'   13743389  13539970  13536011  13888078  14070944  13528315  13826182  13534714'
b'   13737223  13537119  13535341  13887080  14069802  13526892  13821669  13530991'
b'   13731695  13534774  13535612  13887305  14069593  13525889  13816416  13527563'
b'   13726737  13533105  13536908  13888198  14070129  13525932  13812142  13525203'
b'   13714781  13528486  13536772  13887854  14069347  13524249  13804238  13518645'
b'   13705136  13524230  13537141  13888101  14069545  13524319  13800007  13514707'
b'   13698314  13520496  13537211  13888041  14069232  13523123  13793277  13509944'
b'   13691400  13517419  13538821  13888887  14069160  13521478  13782226  13503679'
b'   13684345  13512588  13538805  13888821  14068451  13518657  13770315  13496921'
b'   13678227  13508949  13539204  13889421  14068787  13518229  13764671  13492417'
b'   13672216  13504992  13540073  13890284  14069166  13517112  13754990  13486253'
b'   13663951  13498559  13539830  13890078  14068727  13515156  13743995  13478191'
b'   13659007  13493592  13540666  13891236  14069809  13515287  13735088  13472127'
b'   13656955  13491446  13540563  13891629  14070217  13515198  13732419  13469511'
b'   13655207  13489845  13540400  13891740  14070516  13514964  13731008  13467702'
b'   13652452  13487166  13538737  13890560  14069316  13513259  13728369  13464717'
b'   13650999  13485656  13537935  13890299  14069103  13512729  13727028  13463037'
b'   13649432  13484105  13537217  13889848  14068726  13512061  13725779  13461370'
b'   13649102  13483764  13537414  13890178  14069003  13512347  13725411  13460947'
b'   13648241  13482881  13537117  13890115  14068880  13512146  13724964  13459981'
b'   13647185  13481887  13536490  13889785  14068587  13511693  13724029  13458895'
b'   13645953  13480587  13535540  13889150  14068049  13510900  13722997  13457524'
b'   13645064  13479706  13535099  13888778  14067770  13510478  13722327  13456724'
b'   13644223  13478945  13534633  13888458  14067621  13510186  13722103  13455961'
b'   13643106  13477765  13533731  13887933  14066993  13509479  13721498  13454841'
b'   13641331  13475940  13532190  13886714  14065916  13508158  13720092  13453126'
b'   13641074  13475658  13532132  13886693  14065947  13508138  13719907  13452806'
b'   13640932  13475507  13532241  13886898  14066156  13508313  13719720  13452674'
b'   13639613  13474174  13531124  13886030  14065227  13507368  13718624  13451428'
b'   13638402  13472838  13530033  13885205  14064435  13506469  13717792  13450347'
b'   13636662  13470996  13528273  13883886  14063212  13505007  13716558  13448545'
b'   13636765  13471029  13528616  13884272  14063582  13505465  13717472  13448713'
b'   13635672  13469848  13527599  13883465  14062713  13504461  13716691  13447620'
b'   13634884  13469056  13526926  13882973  14062409  13504018  13716020  13446924'
b'   13633337  13467382  13525446  13881706  14061151  13502683  13714420  13445336'
b'   13633847  13468005  13525994  13882274  14061763  13503422  13715142  13445943'
b'   13633022  13466968  13525369  13881628  14061168  13502822  13714267  13445324'
b'   13632547  13466621  13524896  13881473  14060835  13502661  13713901  13445065'
b'   13631076  13464992  13523417  13880080  14059723  13501278  13712430  13443642'
b'   13630319  13464148  13522769  13879604  14059182  13500676  13711640  13442872'
b'   13629301  13463043  13521804  13878667  14058417  13499847  13710806  13442027'
b'   13629417  13463207  13522046  13878854  14058527  13500222  13711095  13442264'
b'   13628254  13461988  13520920  13878092  14057794  13499342  13710043  13441317'
b'   13627651  13461535  13520669  13877714  14057546  13499148  13709547  13440781'
b'   13627376  13461245  13520285  13877430  14057290  13498934  13709389  13440762'
b'   13626502  13460203  13519513  13876603  14056564  13498154  13708656  13440008'
b'   13626537  13460326  13519395  13876136  14056234  13498009  13708683  13440564'
b'   13624909  13458317  13517641  13874900  14054934  13496530  13707336  13438638'
b'   13624717  13458101  13517760  13875657  14055570  13497066  13707344  13438411'
b'   13624059  13457384  13517143  13874881  14054825  13496476  13706575  13437971'
b'   13623314  13456649  13516362  13874268  14054216  13495798  13705869  13437354'
b'   13622036  13455271  13515141  13873343  14053329  13494798  13704717  13435968'
b'   13621526  13454829  13514713  13873009  14053077  13494530  13704285  13435681'
b'   13619714  13453010  13513153  13871793  14051994  13493173  13702760  13433847'
b'   12519340  12342936  12405861  12727474  12908690  12439381  12600941  12457126'
b'   12553715  12375088  12437141  12761725  12943140  12469551  12634775  12490980'
b'   12618937  12435791  12496340  12825899  13007227  12526425  12701399  12552465'
b'   12645894  12460398  12520369  12851839  13033341  12549887  12729622  12577263'
b'   12661437  12474420  12534376  12866681  13048405  12563689  12746169  12591692'
b'   12672083  12483899  12543846  12876612  13058692  12573173  12757439  12601035'
b'   12679645  12490827  12550623  12883780  13066456  12580130  12765899  12608093'
b'   12686144  12496725  12556535  12889868  13073050  12586281  12772866  12614282'
b'   12692110  12502179  12562175  12895525  13079140  12592146  12779462  12619962'
b'   12697040  12506794  12566763  12900199  13084223  12597050  12784924  12624864'
b'   12701238  12510771  12570727  12904066  13088517  12601294  12789583  12628934'
b'   12704538  12513814  12573640  12907176  13092100  12604578  12793177  12632266'
b'   12707752  12516723  12576700  12910033  13095536  12608047  12796690  12635507'
b'   12710546  12519437  12579228  12912655  13098550  12610852  12799707  12638364'
b'   12711905  12520440  12580160  12913865  13100036  12612172  12801491  12639714'
b'   12714665  12522932  12582874  12916348  13102988  12615030  12804615  12642826'
b'   12716774  12524858  12584703  12918222  13105273  12617216  12806971  12645209'
b'   12718796  12526745  12586542  12919892  13107446  12619464  12809179  12647454'
b'   12720822  12528733  12588532  12921807  13109730  12621884  12811575  12649814'
b'   12722739  12530619  12590342  12923490  13111641  12623950  12813828  12651727'
b'   12723598  12531411  12591079  12924334  13112868  12624971  12814901  12652350'
b'   12724790  12532581  12592253  12925600  13113995  12626307  12816197  12653072'
b'   12726113  12533930  12593562  12926927  13115399  12627842  12817740  12654115'
b'   12727244  12534986  12594640  12927962  13116422  12629091  12819053  12654849'
b'   12726776  12534657  12594265  12927691  13116084  12628772  12818608  12653731'
b'   12727452  12535434  12595046  12928440  13116748  12629635  12819611  12654187'
b'   12728452  12536300  12595795  12929163  13117629  12630685  12820759  12655126'
b'   12729596  12537509  12597021  12930178  13118798  12631833  12822002  12656245'
b'   12730929  12538885  12598276  12931221  13120055  12633196  12823374  12657458'
b'   12731097  12538954  12598403  12931286  13120241  12633432  12823819  12657720'
b'   12733232  12540977  12600513  12933213  13122366  12635680  12825871  12659736'
b'   12733401  12541148  12600384  12933126  13122436  12635872  12826049  12659881'
b'   12733045  12540723  12600054  12932574  13122153  12635538  12825908  12659578'
b'   12733326  12540862  12600153  12932592  13122526  12635878  12826374  12659784'
b'   12734923  12542427  12601706  12934069  13123765  12637511  12828052  12661439'
b'   12734226  12541709  12601118  12933225  13123305  12636891  12827627  12660928'
b'   12735441  12542881  12602058  12934048  13124407  12638177  12828841  12662466'
b'   12737222  12544715  12603875  12935445  13126116  12639982  12830749  12664537'
b'   12736885  12544171  12603412  12934959  13125817  12639640  12830483  12664503'
b'   12737677  12545108  12604247  12935627  13126635  12640584  12831420  12665497'
b'   12737250  12544569  12603696  12935036  13126291  12640353  12831320  12664896'
b'   12738327  12545789  12604748  12935975  13127129  12641358  12832724  12665827'
b'   12739192  12546628  12605694  12936913  13127917  12642299  12833666  12666520'
b'   12739125  12546665  12605696  12936785  13127711  12642170  12833586  12665982'
b'   12738101  12545765  12604701  12935890  13126737  12641361  12832756  12664567'
b'   12739209  12546937  12605778  12937007  13127405  12642362  12833673  12665156'
b'   12738935  12546744  12605439  12936590  13126922  12641928  12833226  12664415'
b'   12738492  12546071  12604936  12935966  13126257  12641302  12832796  12663842'
b'   12739934  12547477  12606282  12937043  13127414  12642762  12834107  12665312'
b'   12739137  12546664  12605406  12936071  13126542  12641861  12833536  12664943'
b'   12739697  12547119  12605821  12936179  13126830  12642287  12833845  12665314'
b'   12739649  12547170  12605856  12936135  13126854  12642320  12833789  12665096'
b'   12740105  12547616  12606222  12936321  13127201  12642760  12834171  12665232'
b'   12741237  12548780  12607423  12937233  13128109  12643879  12835261  12666257'
b'   12740522  12548193  12606629  12936339  13127335  12643096  12834691  12665640'
b'   12740456  12547938  12606350  12935969  13127008  12642853  12834406  12665519'
b'   12740590  12548127  12606533  12935981  13127106  12643054  12834630  12665860'
b'   12741027  12548563  12606785  12936029  13127341  12643354  12835080  12666426'
b'   12740514  12547891  12606275  12935183  13126878  12642859  12834723  12666405'
b'   12741617  12549079  12607371  12936116  13127859  12644073  12835845  12667891'
b'   12740695  12548101  12606273  12934794  13126889  12642868  12834813  12666952'
b'   12741952  12549340  12607621  12936058  13127985  12644223  12836123  12668197'
b'   12741278  12548671  12606764  12935259  13127226  12643542  12835523  12667369'
b'   12740703  12548021  12606201  12934660  13126460  12642902  12834960  12666675'
b'   12740042  12547589  12605607  12934203  13125775  12642259  12834174  12665451'
b'   12740258  12547978  12605864  12934401  13125694  12642488  12834300  12665287'
b'   12740363  12547973  12605954  12934296  13125361  12642342  12834111  12664807'
b'   12739096  12546668  12604692  12933124  13123980  12640905  12832715  12663043'
b'   12740607  12548344  12606231  12934349  13125133  12642489  12834171  12664455'
b'   12740763  12548401  12606396  12934154  13124988  12642441  12834219  12664463'
b'   12740951  12548578  12606550  12934201  13125112  12642570  12834369  12664630'
b'   12740839  12548651  12606339  12934042  13124784  12642451  12834181  12664413'
b'   12741434  12549387  12607117  12934421  13125188  12643107  12835003  12665023'
b'   12741241  12549110  12606954  12933967  13124830  12642870  12834910  12664922'
b'   12739504  12547363  12605117  12932140  13123187  12641056  12833075  12663248'
b'   12739075  12547026  12604628  12931640  13122726  12640542  12832651  12662832'
b'   12740435  12548334  12605867  12932561  13123830  12641888  12833893  12664235'
b'   12740557  12548406  12605991  12932470  13123718  12641976  12834037  12664503'
b'   12739879  12547677  12605240  12931459  13123009  12641129  12833263  12663919'
b'   12741120  12548895  12606398  12932390  13123889  12642299  12834526  12665449'
b'   12741168  12548842  12606345  12932050  13124032  12642288  12834657  12666014'
b'   12740909  12548621  12606114  12931665  13123665  12642126  12834473  12666000'
b'   12741028  12548762  12606256  12931635  13123643  12642086  12834467  12666149'
b'   12739689  12547488  12604799  12930406  13122383  12640762  12833046  12664514'
b'   12740117  12547925  12605277  12930629  13122536  12641248  12833553  12664826'
b'   12739651  12547594  12604857  12930249  13121849  12640702  12832888  12663986'
b'   12738986  12547097  12604278  12929642  13120884  12639943  12832077  12662496'
b'   12737920  12545977  12603300  12928647  13119588  12638743  12830761  12660838'
b'   12737201  12545401  12602803  12927971  13118684  12638042  12830083  12659765'
b'   12737821  12546172  12603339  12928369  13119048  12638537  12830710  12660201'
b'   12738249  12546719  12604205  12928548  13119232  12639224  12831191  12660537'
b'   12737629  12546670  12604406  12928086  13118726  12639381  12831097  12659933'
b'   12738346  12547418  12605194  12928543  13119187  12640160  12831810  12660561'
b'   12737321  12546550  12604594  12927551  13118144  12639404  12830945  12659374'
b'   12738242  12547604  12606206  12928416  13119126  12640874  12831928  12660302'
b'   12737264  12547139  12606270  12927769  13118602  12640658  12831379  12659461'
b'   12737609  12548065  12607928  12928256  13119064  12642171  12832265  12659744'
b'   12737180  12548026  12607810  12927857  13118908  12642320  12832344  12659613'
b'   12736611  12547392  12607031  12926906  13118218  12641580  12831948  12659374'
b'   12737317  12547787  12606935  12926985  13118454  12641299  12832288  12660258'
b'   12737650  12548309  12607062  12926895  13118506  12641744  12832727  12660997'
b'   12737034  12547677  12606552  12925836  13117604  12641045  12831854  12660675'
b'   12737646  12548907  12608298  12926707  13118421  12642545  12832975  12661387'
b'   12737803  12549069  12608538  12926466  13117998  12642679  12832937  12661116'
b'   12735845  12548257  12608344  12925583  13116781  12642136  12831926  12659100'
b'   12736682  12549743  12609647  12926275  13117466  12643631  12833078  12659563'
b'   12736269  12549935  12610347  12926084  13117064  12644035  12833794  12659361'
b'   12734626  12549038  12610181  12925185  13115568  12643441  12832103  12656321'
b'   12735059  12549922  12611430  12925509  13115577  12644424  12832543  12656054'
b'   12734158  12549649  12611462  12924747  13114866  12644501  12832531  12655266'
b'   12733769  12550132  12612612  12924568  13114485  12645029  12832442  12654392'
b'   12732864  12549425  12611989  12923493  13113808  12644752  12831918  12653557'
b'   12733334  12550725  12614016  12924262  13114461  12646624  12833364  12653928'
b'   12734021  12551972  12615512  12924809  13115087  12648060  12834365  12654665'
b'   12732820  12550810  12614474  12923651  13113856  12646888  12833127  12653305'
b'   12733693  12551973  12615737  12924366  13114777  12648212  12834261  12654310'
b'   12732815  12551164  12615090  12923323  13113698  12647323  12833694  12653265'
b'   12733125  12552173  12616593  12923778  13114333  12648860  12834717  12653795'
b'   12733098  12552966  12617479  12923941  13114462  12649524  12835030  12653727'
b'   12732328  12552232  12617110  12922865  13113750  12649095  12834474  12653482'
b'   12732087  12552899  12618747  12922966  13113991  12650405  12835251  12653475'
b'   12732980  12554292  12620236  12923775  13114789  12652005  12836441  12654381'
b'   12732508  12554514  12621382  12923256  13114512  12652936  12836780  12654522'
b'   12731618  12553953  12620797  12922317  13113570  12652016  12835848  12653561'
b'   12731457  12554719  12622018  12922524  13113901  12653009  12836413  12653369'
b'   12731063  12555299  12623009  12922568  13113576  12653120  12836353  12652775'
b'   12729231  12554300  12622190  12921335  13112095  12651786  12834811  12650435'
b'   12729529  12554971  12623147  12921729  13112052  12652262  12835113  12650349'
b'   12728834  12554963  12623318  12921502  13111580  12652245  12834886  12648849'
b'   12727332  12554940  12624311  12920582  13110630  12652723  12834574  12646972'
b'   12727192  12555038  12624932  12920052  13110007  12652879  12834600  12646399'
b'   12727536  12556921  12627646  12920770  13110512  12654944  12835791  12646478'
b'   12727090  12557524  12629020  12920337  13110263  12655710  12836153  12645982'
b'   12726872  12558843  12631234  12920493  13110605  12657546  12837298  12645874'
b'   12726752  12560280  12633553  12920838  13111110  12659217  12838457  12645939'
b'   12726685  12561089  12635033  12920897  13111275  12660488  12839109  12645926'
b'   12726920  12562143  12636383  12921583  13112055  12662072  12840335  12646305'
b'   12727444  12563422  12638113  12922050  13112891  12664161  12841983  12647248'
b'   12725264  12561861  12636932  12920228  13111510  12663486  12840800  12645235'
b'   12726714  12563936  12639297  12921654  13113007  12665496  12842479  12646704'
b'   12725034  12563238  12639151  12920337  13112132  12665081  12841875  12645695'
b'   12726281  12565174  12641330  12921472  13113540  12667748  12843932  12647305'
b'   12725892  12565654  12642202  12921256  13113872  12669070  12844787  12647475'
b'   12724441  12564637  12641598  12920055  13112960  12668512  12843868  12646213'
b'   12725168  12565420  12642254  12921036  13114000  12670213  12845204  12647073'
b'   12724079  12565138  12642540  12920433  13113344  12669696  12844359  12645888'
b'   12724503  12566950  12645175  12921437  13114011  12671553  12845371  12645724'
b'   12723752  12566756  12645122  12921041  13113275  12671103  12844889  12644433'
b'   12722180  12566266  12645111  12920062  13111971  12670186  12843706  12642249'
b'   12721367  12566669  12646064  12919800  13111438  12670521  12843626  12640617'
b'   12721311  12567341  12647199  12920108  13111491  12671348  12844014  12640176'
b'   12720307  12566597  12646426  12919412  13110975  12671314  12843748  12639143'
b'   12721214  12567937  12648027  12920355  13111978  12672819  12845056  12639871'
b'   12721032  12568590  12649399  12920375  13111797  12673584  12845382  12639411'
b'   12721518  12568824  12649201  12920565  13112077  12674106  12845976  12639804'
b'   12720551  12568766  12649667  12919863  13111436  12673565  12845348  12638763'
b'   12719826  12568886  12650488  12919451  13110958  12674012  12845256  12637917'
b'   12719796  12569921  12651925  12919834  13111429  12674895  12845755  12637943'
b'   12718865  12570252  12653332  12919548  13111153  12675554  12845791  12637110'
b'   12719352  12572029  12655235  12920577  13112841  12678814  12848261  12638022'
b'   12720240  12573674  12657336  12921569  13114313  12681504  12850271  12639619'
b'   12720171  12574467  12658368  12921693  13114863  12682551  12851164  12639990'
b'   12720373  12574958  12659309  12921572  13115130  12683231  12851672  12640464'
b'   12719989  12575105  12660060  12921428  13114851  12683063  12851506  12640336'
b'   12719848  12575354  12660425  12921586  13115076  12683858  12851932  12640398'
b'   12719049  12575512  12661073  12921333  13114480  12683238  12851205  12639309'
b'   12717904  12575468  12661837  12920720  13113174  12682457  12850086  12637624'
b'   12717330  12576157  12663604  12920694  13112816  12682903  12850039  12636567'
b'   12717183  12577116  12664783  12920998  13112853  12683290  12850059  12635754'
b'   12716576  12577787  12666066  12921102  13112275  12683102  12849622  12634073'
b'   12715866  12578719  12668230  12920998  13111507  12682970  12849164  12632679'
b'   12715671  12579257  12669601  12920886  13111141  12683762  12849569  12632099'
b'   12715194  12579899  12670342  12920825  13111109  12683754  12849791  12631346'
b'   12714980  12580165  12671117  12920631  13110877  12684420  12849873  12631128'
b'   12715160  12581445  12672574  12921163  13111129  12684800  12850194  12631077'
b'   12716367  12583606  12675793  12922360  13112105  12686062  12851439  12631957'
b'   12715998  12583817  12676120  12922163  13111633  12685537  12851068  12631573'
b'   12714782  12582899  12675373  12921124  13110674  12684515  12850073  12630297'
b'   12714679  12582850  12675607  12920870  13110291  12684443  12849926  12630193'
b'   12714904  12583738  12676636  12921386  13110821  12685190  12850600  12630672'
b'   12714423  12583671  12676894  12920801  13110290  12684476  12850319  12630245'
b'   12715426  12584759  12678062  12921315  13111118  12685386  12851527  12631710'
b'   12715603  12585405  12679060  12921414  13111308  12685969  12852199  12632225'
b'   12714462  12585126  12679254  12920453  13110209  12684211  12851080  12631553'
b'   12715503  12586599  12680893  12921364  13110928  12685148  12851900  12632931'
b'   12714878  12586981  12681742  12921158  13110495  12684852  12851540  12632259'
b'   12714741  12587229  12682047  12921411  13110478  12684709  12851519  12631960'
b'   12713590  12586585  12681168  12920725  13109571  12683915  12850801  12630610'
b'   12713745  12587279  12681921  12921028  13109729  12684343  12851019  12630520'
b'   12712174  12586532  12681605  12920109  13108167  12683108  12849617  12627748'
b'   12711653  12586042  12681140  12919770  13107153  12682400  12848940  12626649'
b'   12711901  12586984  12682202  12920175  13107401  12683171  12849574  12626599'
b'   12712661  12588195  12683707  12920656  13107598  12683196  12849924  12626884'
b'   12711036  12587116  12682874  12919230  13106226  12681844  12848726  12625082'
b'   12711084  12587262  12683471  12919206  13105916  12681680  12848597  12624920'
b'   12710723  12586984  12683389  12918924  13105705  12681650  12848416  12624629'
b'   12711165  12587481  12683897  12919569  13106319  12682547  12849274  12625350'
b'   12709945  12586654  12683243  12918617  13105613  12682305  12848721  12624329'
b'   12709834  12586629  12683409  12918421  13105634  12682693  12849079  12624117'
b'   12710669  12587644  12684740  12919206  13106421  12684141  12850189  12625094'
b'   12710472  12587341  12684492  12919077  13106724  12685811  12851133  12625502'
b'   12710352  12588138  12685889  12919511  13107124  12686186  12851341  12625674'
b'   12709882  12587390  12685749  12918611  13106660  12686628  12851424  12625504'
b'   12710357  12587843  12686455  12918969  13107625  12688327  12852920  12627080'
b'   12710250  12589033  12688532  12919557  13107940  12688163  12852712  12627157'
b'   12709668  12589781  12690290  12919459  13107485  12687654  12852124  12626657'
b'   12708995  12590115  12691373  12919255  13107187  12687530  12851684  12625832'
b'   12708797  12590894  12692690  12919809  13107252  12687930  12851854  12625343'
b'   12707256  12589848  12692314  12918953  13106238  12687690  12851156  12623325'
b'   12706668  12589971  12691706  12918899  13106019  12688252  12851420  12622416'
b'   12706265  12590007  12692414  12918691  13105524  12688389  12851165  12621214'
b'   12706341  12590796  12693707  12919283  13105363  12688443  12850743  12620256'
b'   12706054  12590821  12694101  12919015  13105164  12688597  12850741  12619726'
b'   12706330  12591841  12695993  12919569  13105273  12688279  12850588  12619752'
b'   12705303  12590613  12695044  12918535  13104387  12688223  12850236  12618490'
b'   12705364  12591329  12696529  12918855  13104401  12687931  12850114  12618543'
b'   12705470  12591943  12697017  12919323  13105039  12689182  12851065  12618833'
b'   12705210  12591967  12697369  12919320  13104878  12689082  12850891  12618450'
b'   12705319  12592498  12697697  12919669  13105378  12690093  12851469  12618651'
b'   12704110  12590944  12696707  12918226  13104224  12689039  12850611  12617508'
b'   12704985  12592677  12699157  12919440  13105091  12689503  12851436  12618530'
b'   12703896  12592157  12698881  12918624  13104501  12688492  12850338  12617756'
b'   12704468  12592661  12699485  12918911  13104858  12688958  12850807  12618928'
b'   12705233  12593813  12701042  12919533  13105737  12690003  12851884  12620355'
b'   12705611  12594628  12701920  12920183  13106599  12690756  12852685  12621680'
b'   12704709  12593760  12701662  12919234  13105415  12688817  12851016  12620572'
b'   12704525  12594394  12702639  12919438  13105498  12688661  12850857  12620562'
b'   12703982  12594017  12702350  12919038  13104818  12688313  12850147  12619625'
b'   12702822  12593253  12702150  12918315  13104130  12687699  12849544  12618207'
b'   12702880  12593891  12702914  12918809  13104083  12687902  12849636  12618050'
b'   12702114  12593704  12702923  12918663  13103205  12687396  12848955  12616264'
b'   12701527  12593612  12702657  12918460  13102515  12686704  12848140  12615000'
b'   12700451  12592684  12701994  12917426  13101147  12685613  12847136  12613215'
b'   12699972  12592445  12702187  12917133  13100737  12685186  12846866  12612641'
b'   12700765  12592865  12702613  12917568  13101152  12686043  12847619  12613225'
b'   12699338  12592164  12701806  12916896  13100492  12685767  12846970  12611942'
b'   12700277  12592764  12702828  12917284  13100851  12686578  12847769  12612723'
b'   12699853  12593286  12703476  12917694  13101085  12686450  12847629  12612408'
b'   12698792  12592233  12702580  12916414  13100159  12685783  12846902  12611429'
b'   12699302  12592859  12703034  12917062  13100697  12686273  12847362  12612093'
b'   12699190  12593295  12703556  12917047  13100794  12686046  12847575  12612150'
b'   12698103  12591515  12701946  12915319  13099564  12684935  12846321  12611383'
b'   12699354  12592860  12703366  12916549  13100884  12686660  12847845  12613223'
b'   12700339  12593767  12703701  12917316  13102259  12687729  12849139  12615568'
b'   12698976  12591868  12701915  12915646  13100726  12686048  12847533  12614536'
b'   12698992  12592485  12702536  12916012  13101321  12686791  12848134  12615017'
b'   12698507  12592278  12702327  12915666  13101146  12686380  12847667  12614602'
b'   12698521  12591949  12702007  12915631  13101061  12687063  12848122  12614366'
b'   12698024  12591576  12701689  12915324  13100735  12687278  12848260  12613790'
b'   12697993  12592650  12703437  12916097  13100521  12687005  12847775  12612693'
b'   12696861  12591756  12703179  12915248  13098936  12685493  12846045  12610672'
b'   12696278  12592066  12703840  12915209  13098096  12684455  12845070  12609055'
b'   12697317  12593561  12705823  12916311  13099077  12685587  12846118  12609793'
b'   12695213  12591425  12703834  12914108  13097011  12683527  12844089  12607413'
b'   12695692  12592208  12704255  12914861  13097634  12684543  12844943  12607963'
b'   12695330  12591698  12703146  12914593  13097727  12685460  12845537  12607888'
b'   12695153  12591405  12702321  12914450  13097520  12685546  12845697  12607758'
b'   12694547  12590995  12701955  12913818  13097128  12685422  12845366  12607173'
b'   12694962  12591525  12702551  12914267  13097571  12686195  12845988  12607668'
b'   12693839  12590624  12701539  12913191  13096807  12685798  12845432  12606909'
b'   12693424  12590118  12700801  12912762  13096604  12686046  12845519  12606603'
b'   12693966  12590411  12700964  12913130  13097315  12687149  12846480  12607662'
b'   12693899  12589993  12700269  12912784  13097445  12687558  12846750  12608385'
b'   12694646  12590603  12700985  12913198  13098211  12688589  12847663  12609666'
b'   12694956  12590710  12700723  12913335  13098968  12690146  12848928  12610866'
b'   12693111  12588638  12698671  12911311  13097658  12689069  12847525  12609565'
b'   12693620  12590231  12700660  12912559  13098549  12689769  12848147  12610052'
b'   12692379  12588263  12698460  12911034  13097340  12689344  12847569  12608787'
b'   12692610  12589447  12699013  12912057  13098209  12690566  12848368  12608947'
b'   12691960  12588115  12697695  12911027  13096789  12689370  12847229  12607631'
b'   12691047  12587736  12697127  12910778  13095741  12688133  12846056  12605610'
b'   12690599  12587655  12696847  12910313  13094805  12686952  12845382  12604400'
b'   12690414  12587160  12696255  12910073  13094568  12687684  12845456  12603756'
b'   12689088  12585956  12695179  12908910  13093297  12686477  12844277  12601981'
b'   12690227  12587640  12697345  12909766  13093666  12686239  12844505  12602786'
b'   12691160  12588358  12697908  12910265  13094006  12686620  12845027  12603296'
b'   12690340  12587842  12697055  12909609  13093255  12685742  12844223  12602487'
b'   12689901  12587074  12695985  12908823  13092552  12685044  12843714  12602121'
b'   12689715  12586443  12695155  12908385  13092558  12685356  12843773  12602080'
b'   12690120  12587111  12695491  12908697  13092776  12685027  12843843  12602604'
b'   12689995  12586407  12694219  12907996  13093066  12685636  12844481  12602745'
b'   12690089  12585700  12692849  12907617  13093335  12686695  12845551  12603436'
b'   12689749  12585199  12692098  12906832  13093128  12686161  12845324  12603484'
b'   12691140  12586615  12693958  12907702  13093113  12685385  12844871  12605276'
b'   12691001  12586747  12693591  12907592  13093087  12685161  12844535  12606308'
b'   12690625  12586040  12692926  12906822  13092544  12684461  12844063  12606210'
b'   12690760  12586287  12693284  12906995  13092691  12684545  12844071  12606401'
b'   12690543  12586005  12693074  12906701  13091913  12683095  12842811  12605991'
b'   12689460  12585059  12691095  12905659  13090809  12681555  12841268  12604862'
b'   12689149  12584512  12689851  12905488  13089595  12679938  12839900  12603769'
b'   12688907  12584216  12688490  12905400  13089298  12679039  12839243  12603065'
b'   12688064  12582554  12686730  12903937  13087857  12677491  12838029  12601271'
b'   12687891  12582166  12685854  12903488  13086996  12676661  12837351  12600262'
b'   12688056  12581815  12685001  12902954  13086585  12676073  12837364  12600346'
b'   12687375  12580585  12682960  12901929  13085632  12674896  12836313  12599436'
b'   12687954  12580566  12682384  12902114  13085520  12674673  12836425  12599926'
b'   12687938  12580370  12680858  12901967  13085522  12674292  12836029  12600130'
b'   12687550  12579429  12679466  12900860  13084569  12673055  12835063  12599703'
b'   12687153  12578572  12678319  12899958  13083672  12671437  12833857  12599152'
b'   12686801  12577818  12677061  12899240  13083150  12670447  12833201  12599235'
