b'   12003334  11884119  11905727  11924078  12146904  11958952  12116237  11922269'
b'   12043785  11920386  11940377  11961491  12185645  11993461  12154916  11959394'
b'   12120123  11988000  12005000  12030395  12255915  12057573  12230274  12026656'
b'   12151494  12015305  12031128  12058059  12284066  12083866  12261878  12053198'
b'   12168792  12030182  12045264  12073065  12299599  12098462  12279431  12067664'
b'   12180204  12039808  12054570  12082978  12309792  12108041  12290962  12077065'
b'   12190393  12048825  12063202  12091922  12319140  12116943  12301060  12085716'
b'   12194744  12052215  12066241  12095363  12322910  12120146  12305259  12088827'
b'   12202563  12059262  12073266  12102462  12330190  12127346  12312937  12095796'
b'   12206476  12062617  12076477  12105780  12333833  12130602  12316916  12098985'
b'   12210880  12066517  12080273  12109776  12337917  12134464  12321180  12102795'
b'   12214728  12070038  12083786  12113167  12341560  12138005  12324919  12106057'
b'   12217954  12072795  12086472  12115913  12344161  12140566  12327948  12108725'
b'   12220457  12075151  12088720  12118022  12346581  12142757  12330328  12110758'
b'   12223082  12077506  12091030  12120394  12349245  12145171  12333057  12112995'
b'   12225582  12079905  12093470  12122638  12351668  12147348  12335622  12115170'
b'   12227400  12081687  12095391  12124259  12353882  12149406  12337784  12116742'
b'   12230443  12084668  12098340  12127218  12356825  12152357  12340853  12119563'
b'   12232174  12086084  12099639  12128702  12358382  12153673  12342199  12120919'
b'   12233643  12087170  12100745  12129913  12359848  12154939  12343603  12122146'
b'   12235306  12088353  12101642  12131117  12360959  12155911  12344902  12123454'
b'   12235491  12088056  12101242  12131053  12361002  12155595  12344773  12123057'
b'   12237319  12089381  12102523  12132515  12362221  12156834  12346009  12124526'
b'   12239738  12091377  12104391  12134808  12364271  12158715  12348094  12126646'
b'   12241677  12092886  12105848  12136453  12365917  12160230  12349714  12128189'
b'   12242279  12093256  12106072  12137071  12366429  12160629  12350020  12128529'
b'   12242650  12093450  12106241  12137212  12366639  12160736  12350326  12128867'
b'   12243203  12094060  12106862  12137744  12366869  12160956  12350848  12129013'
b'   12244841  12095810  12108645  12139299  12368471  12162549  12352462  12130547'
b'   12245800  12096765  12109610  12140334  12369389  12163368  12353436  12131227'
b'   12247086  12098195  12111026  12141589  12370564  12164595  12354702  12132478'
b'   12247201  12098309  12111197  12141577  12370548  12164439  12354708  12132349'
b'   12249332  12100495  12113255  12143677  12372584  12166580  12356810  12134346'
b'   12250207  12101289  12114010  12144573  12373506  12167308  12357593  12135083'
b'   12250661  12101663  12114561  12144975  12374042  12167795  12358139  12135588'
b'   12251816  12102798  12115623  12145989  12375192  12168844  12359382  12136649'
b'   12251950  12102937  12115906  12146393  12375562  12169125  12359615  12136613'
b'   12252446  12103530  12116405  12146764  12376240  12169500  12360151  12137054'
b'   12253170  12104333  12117411  12147561  12377186  12170306  12360960  12137779'
b'   12253938  12105279  12118195  12148235  12378061  12171184  12361805  12138432'
b'   12253398  12104814  12117841  12147746  12377828  12170743  12361402  12137784'
b'   12255145  12106747  12119835  12149561  12380038  12172779  12363305  12139549'
b'   12256101  12107491  12120478  12150410  12381107  12173618  12364170  12140285'
b'   12256643  12107792  12120833  12150790  12381667  12173924  12364530  12140637'
b'   12256007  12107091  12119961  12150066  12381238  12173155  12363761  12140095'
b'   12258325  12109123  12121954  12152369  12383240  12175243  12365747  12142187'
b'   12258571  12109056  12122004  12152426  12383271  12175210  12365857  12142269'
b'   12258563  12108966  12121748  12152393  12383075  12174984  12365700  12142164'
b'   12258260  12108179  12120970  12151906  12382199  12174118  12365040  12141565'
b'   12259535  12109372  12122125  12153263  12383240  12175150  12366054  12142764'
b'   12260271  12110064  12122648  12153868  12383723  12175742  12366800  12143537'
b'   12260269  12110243  12122864  12154092  12383565  12175558  12366690  12143313'
b'   12259514  12109354  12121958  12153092  12382702  12174663  12365920  12142406'
b'   12260295  12110122  12122785  12153943  12383297  12175408  12366729  12143129'
b'   12261223  12111074  12123807  12154903  12384124  12176266  12367647  12143985'
b'   12262582  12112549  12125305  12156214  12385438  12177559  12368946  12145381'
b'   12261446  12111552  12124326  12155144  12384377  12176459  12368028  12144087'
b'   12263670  12113773  12126622  12157458  12386601  12178722  12370209  12146341'
b'   12263616  12113821  12126573  12157272  12386581  12178705  12370250  12146297'
b'   12264937  12115335  12128122  12158650  12388030  12180035  12371543  12147663'
b'   12263463  12113822  12126665  12157192  12386699  12178654  12370130  12146166'
b'   12264594  12115091  12127953  12158488  12387967  12179766  12371266  12147138'
b'   12265226  12115694  12128621  12159064  12388808  12180460  12371954  12147693'
b'   12265566  12116158  12129114  12159498  12389357  12180951  12372437  12148071'
b'   12266416  12117190  12130192  12160401  12390523  12181872  12373367  12148866'
b'   12266169  12116843  12129975  12160032  12390714  12181886  12373276  12148492'
b'   12265304  12116043  12129245  12159284  12390204  12181126  12372569  12147716'
b'   12266627  12117427  12130557  12160603  12391652  12182455  12373790  12149032'
b'   12266770  12117281  12130302  12160617  12391827  12182441  12373739  12148923'
b'   12266005  12116226  12129376  12159875  12391113  12181597  12372813  12148127'
b'   12267788  12117874  12130795  12161505  12392631  12183162  12374318  12149847'
b'   12267777  12117795  12130646  12161602  12392536  12182863  12374263  12149886'
b'   12268043  12117740  12130633  12161573  12392446  12182946  12374224  12149773'
b'   12268183  12117517  12130259  12161719  12392017  12182401  12373912  12149815'
b'   12268834  12118083  12130739  12162216  12392297  12182875  12374423  12150200'
b'   12268243  12117452  12130199  12161734  12391534  12182175  12373924  12149613'
b'   12268397  12117802  12130482  12161991  12391481  12182250  12374065  12149681'
b'   12269496  12118977  12131716  12162985  12392441  12183353  12375227  12150848'
b'   12269572  12119143  12131873  12163231  12392530  12183464  12375364  12150947'
b'   12269683  12119130  12131985  12163173  12392416  12183427  12375372  12150934'
b'   12269236  12118841  12131677  12162876  12392114  12182961  12374991  12150464'
b'   12269961  12119673  12132496  12163706  12392985  12183664  12375835  12151122'
b'   12271134  12120830  12133723  12164771  12393960  12184902  12376837  12152233'
b'   12271048  12120892  12133906  12164782  12394121  12184822  12376924  12152164'
b'   12271266  12121209  12134060  12165092  12394419  12185185  12377184  12152337'
b'   12271240  12121233  12134097  12165062  12394539  12185225  12377248  12152367'
b'   12271692  12121846  12134843  12165628  12395326  12185924  12377795  12152882'
b'   12271911  12122099  12135092  12165790  12395630  12186086  12378100  12152994'
b'   12271380  12121689  12134640  12165342  12395478  12185812  12377622  12152409'
b'   12272199  12122564  12135739  12166124  12396486  12186692  12378524  12153178'
b'   12272988  12123490  12136575  12166980  12397917  12187840  12379436  12154058'
b'   12273071  12123345  12136602  12167131  12398170  12187906  12379510  12154019'
b'   12273122  12123364  12136497  12167022  12398374  12187815  12379364  12154103'
b'   12273980  12124105  12137293  12168011  12399287  12188727  12380289  12155078'
b'   12272522  12122294  12135364  12166306  12397660  12187034  12378555  12153335'
b'   12273921  12123527  12136709  12167786  12398898  12188228  12379752  12154625'
b'   12273445  12122922  12135962  12167151  12398243  12187519  12379188  12154158'
b'   12272201  12121346  12134189  12165847  12396421  12185841  12377644  12152855'
b'   12273269  12122260  12135206  12166913  12397089  12186601  12378575  12153717'
b'   12273678  12122621  12135436  12167248  12397166  12186943  12378810  12154137'
b'   12274291  12123290  12136202  12167919  12397578  12187434  12379402  12154632'
b'   12273167  12122279  12135202  12166870  12396351  12186211  12378288  12153490'
b'   12273887  12123092  12136109  12167729  12397056  12186976  12379167  12154319'
b'   12274775  12123946  12136932  12168551  12397706  12187884  12379894  12155094'
b'   12275239  12124549  12137512  12168987  12398066  12188307  12380416  12155495'
b'   12275476  12124925  12137853  12169230  12398407  12188607  12380764  12155735'
b'   12275471  12124978  12137920  12169367  12398456  12188610  12380852  12155772'
b'   12275753  12125328  12138312  12169797  12398792  12188891  12381085  12156099'
b'   12275430  12125098  12138084  12169487  12398575  12188610  12380833  12155809'
b'   12276004  12125881  12138941  12170158  12399341  12189391  12381535  12156346'
b'   12276188  12125994  12139200  12170374  12399768  12189542  12381733  12156657'
b'   12276773  12126675  12139782  12170911  12400527  12190332  12382445  12156970'
b'   12275481  12125443  12138602  12169654  12399453  12188968  12381220  12155627'
b'   12276706  12126909  12140203  12170911  12401022  12190547  12382611  12156893'
b'   12276389  12126823  12140009  12170715  12401157  12190494  12382423  12156790'
b'   12276951  12127271  12140692  12171293  12402279  12191184  12383033  12157259'
b'   12276785  12127050  12140371  12171038  12402260  12191078  12382841  12157107'
b'   12276144  12126231  12139509  12170396  12401697  12190289  12382172  12156399'
b'   12276157  12126053  12139370  12170306  12401927  12190384  12382051  12156461'
b'   12276292  12126148  12139339  12170497  12401945  12190490  12382109  12156721'
b'   12277444  12127026  12140133  12171532  12402637  12191158  12382962  12157692'
b'   12276967  12126250  12139346  12170966  12401835  12190350  12382284  12157118'
b'   12278116  12127037  12140034  12171900  12402216  12190902  12382900  12157990'
b'   12278426  12127192  12140136  12172223  12402137  12191113  12383199  12158301'
b'   12278152  12126975  12139799  12171930  12401704  12190774  12382828  12158019'
b'   12278549  12127560  12140563  12172475  12402134  12191186  12383289  12158350'
b'   12278039  12127036  12140038  12171904  12401391  12190520  12382796  12157696'
b'   12278428  12127681  12140594  12172471  12401884  12191134  12383215  12158092'
b'   12278682  12127840  12140958  12172700  12401970  12191169  12383528  12158264'
b'   12278460  12127706  12140722  12172524  12401661  12191082  12383335  12158078'
b'   12277900  12127161  12140263  12172013  12401086  12190410  12382758  12157493'
b'   12278143  12127713  12140729  12172423  12401619  12190858  12383358  12157859'
b'   12277015  12126612  12139748  12171343  12400586  12189839  12382148  12156674'
b'   12278967  12128593  12141733  12173288  12402453  12191823  12384071  12158658'
b'   12279008  12128797  12141848  12173438  12402671  12191833  12384089  12158683'
b'   12278536  12128302  12141504  12172949  12402383  12191558  12383741  12158281'
b'   12278440  12128361  12141575  12172989  12402567  12191654  12383865  12158329'
b'   12278135  12128140  12141429  12172580  12402436  12191461  12383728  12158001'
b'   12278493  12128629  12142003  12173151  12403168  12191936  12384145  12158360'
b'   12278803  12129238  12142683  12173497  12404246  12192820  12384857  12158760'
b'   12280074  12130548  12143986  12174766  12405833  12194104  12386170  12160108'
b'   12279472  12129682  12143303  12174085  12405261  12193535  12385417  12159365'
b'   12279623  12129615  12142930  12174158  12405585  12193603  12385356  12159480'
b'   12279337  12129276  12142725  12173860  12405463  12193239  12385053  12159250'
b'   12278957  12128844  12142056  12173662  12405240  12192761  12384597  12158910'
b'   12278072  12127657  12140899  12172599  12404142  12191632  12383543  12157861'
b'   12279488  12128765  12141911  12173939  12405023  12192695  12384442  12159029'
b'   12278790  12127601  12140979  12173201  12403836  12191547  12383290  12158264'
b'   12279393  12128117  12141231  12173801  12404046  12191841  12383595  12158536'
b'   12279073  12127893  12141076  12173543  12403218  12191166  12383073  12158329'
b'   12279288  12128083  12141424  12173913  12403333  12191327  12383259  12158490'
b'   12278977  12127961  12141208  12173632  12403016  12191147  12383137  12158552'
b'   12278957  12127844  12141336  12173769  12402921  12191097  12383158  12158243'
b'   12279595  12128636  12142144  12174557  12403352  12191650  12383636  12159425'
b'   12279346  12128193  12142000  12174370  12402977  12191261  12383074  12159015'
b'   12279549  12128426  12142467  12174748  12403249  12191523  12384491  12159815'
b'   12278796  12127945  12142272  12174612  12402990  12191027  12382541  12158550'
b'   12279488  12128175  12142363  12175382  12404380  12190989  12382581  12158665'
b'   12279367  12127857  12141631  12175123  12404245  12190255  12382103  12158446'
b'   12279509  12127957  12141697  12175378  12404340  12190406  12382330  12158801'
b'   12280116  12128328  12142063  12176207  12405188  12191630  12382900  12159614'
b'   12279698  12126926  12141323  12176283  12406113  12195549  12388241  12165668'
b'   12278640  12126487  12141059  12175611  12404337  12193195  12386784  12164076'
b'   12278846  12127006  12142011  12176223  12404962  12192573  12385023  12162326'
b'   12278409  12125611  12140382  12175631  12404743  12192272  12383234  12161108'
b'   12277426  12123260  12138496  12175673  12406222  12194973  12383889  12161529'
b'   12276010  12120899  12136020  12175347  12406818  12196805  12384942  12162328'
b'   12274852  12118386  12133558  12174824  12407686  12198572  12385563  12162521'
b'   12274349  12116619  12131180  12174945  12408162  12200100  12386160  12163428'
b'   12274088  12115005  12129477  12175463  12409974  12203819  12388285  12164694'
b'   12273677  12113890  12128943  12177230  12410428  12206185  12390654  12166916'
b'   12272498  12111870  12126982  12175724  12409167  12205463  12389478  12165562'
b'   12272455  12111158  12125792  12175880  12409988  12207087  12389844  12165787'
b'   12271644  12109997  12124826  12175807  12408922  12207043  12389760  12165688'
b'   12270924  12109030  12124114  12175810  12407714  12206639  12389390  12165083'
b'   12271544  12109279  12124276  12176599  12408580  12208219  12390136  12165548'
b'   12270796  12108572  12123881  12176600  12407498  12208132  12390150  12165137'
b'   12269802  12106916  12122411  12176040  12406733  12208218  12389673  12164151'
b'   12269713  12106565  12122056  12176635  12407256  12209628  12389937  12164006'
b'   12269856  12106433  12121989  12177474  12407463  12210650  12390238  12164249'
b'   12269972  12106092  12121508  12177709  12407801  12211835  12390486  12164098'
b'   12269858  12105939  12121558  12178225  12407490  12212158  12390800  12164353'
b'   12269942  12105821  12121717  12178543  12407437  12212519  12390541  12163957'
b'   12269450  12105331  12121088  12178359  12406545  12211766  12389181  12162774'
b'   12269498  12105105  12120952  12178540  12406354  12211940  12388678  12162274'
b'   12270462  12105889  12121993  12179622  12406940  12212828  12389126  12162603'
b'   12269623  12105019  12121007  12179165  12405333  12211268  12386955  12160588'
b'   12270368  12105528  12121551  12180324  12406131  12212508  12387256  12160985'
b'   12270208  12105523  12121572  12180816  12406603  12213216  12386902  12160447'
b'   12270503  12105710  12122092  12181424  12407178  12214162  12387232  12160340'
b'   12270277  12105442  12121988  12181726  12407506  12214261  12386370  12159225'
b'   12270245  12105317  12121745  12181875  12407767  12214453  12386489  12158921'
b'   12270648  12105452  12121777  12182634  12408073  12214724  12385470  12158131'
b'   12270386  12104891  12121545  12182586  12408042  12214781  12384552  12157037'
b'   12269408  12103651  12120292  12181809  12407025  12213897  12382709  12155108'
b'   12271110  12104652  12121326  12183249  12407853  12214743  12383568  12156040'
b'   12271129  12104307  12120910  12183810  12408199  12215240  12382495  12154949'
b'   12270402  12103393  12119900  12183080  12406385  12213587  12380406  12153180'
b'   12270253  12103002  12119440  12183003  12405480  12213075  12379322  12152015'
b'   12270548  12103339  12120045  12183782  12405732  12213519  12378983  12151409'
b'   12270818  12103555  12120283  12183872  12405398  12213596  12379365  12151582'
b'   12270786  12103474  12120467  12184298  12405124  12213337  12378070  12150218'
b'   12270730  12103576  12120413  12184192  12404684  12213282  12377446  12149341'
b'   12271260  12104009  12120906  12184792  12404946  12213849  12377615  12149512'
b'   12270181  12102903  12119930  12183949  12403719  12212761  12376001  12147792'
b'   12271870  12104620  12121777  12185976  12405715  12215066  12377498  12148917'
b'   12271952  12104642  12121934  12185906  12405418  12215084  12377065  12148283'
b'   12271070  12103738  12121034  12185191  12404617  12214370  12375686  12146616'
b'   12272064  12104591  12121987  12186163  12405454  12215171  12376204  12147126'
b'   12272685  12105338  12122815  12187106  12406254  12216046  12376498  12147116'
b'   12272480  12105092  12122600  12186752  12405737  12215711  12375796  12146563'
b'   12274568  12107553  12124976  12189099  12407955  12217948  12378167  12150152'
b'   12273548  12106631  12124388  12188047  12407152  12217149  12377461  12148470'
b'   12274318  12107686  12125520  12189164  12408759  12218744  12378067  12148412'
b'   12274724  12107977  12125916  12189715  12409046  12219101  12378198  12147433'
b'   12273236  12106379  12124256  12187754  12407116  12217151  12376848  12147166'
b'   12275164  12108100  12125913  12189477  12409055  12218891  12378323  12147791'
b'   12275540  12108384  12126127  12189916  12409742  12219382  12378214  12148347'
b'   12274711  12107624  12125293  12189310  12409139  12218573  12377023  12147119'
b'   12275533  12107883  12125433  12190127  12409419  12218501  12376626  12147184'
b'   12274037  12106149  12123392  12188599  12407640  12216775  12374515  12145918'
b'   12274992  12106849  12123879  12189608  12407820  12217111  12374376  12144909'
b'   12275366  12107153  12124151  12190288  12407805  12217372  12374156  12144934'
b'   12274735  12106263  12123404  12189943  12406075  12216042  12373526  12145203'
b'   12275231  12106822  12123961  12190250  12405995  12216125  12373641  12145275'
b'   12276509  12108264  12125633  12191485  12407378  12217928  12374964  12146367'
b'   12276543  12108333  12125763  12191516  12407145  12217932  12375065  12146376'
b'   12276318  12107856  12125239  12191165  12406553  12217698  12374727  12147419'
b'   12276455  12107736  12125201  12190597  12405990  12217999  12375460  12147640'
b'   12276865  12107936  12125343  12190917  12406407  12218853  12376067  12146907'
b'   12276860  12107996  12125698  12191338  12406437  12218966  12376399  12147057'
b'   12277922  12109324  12127118  12192207  12407387  12219694  12376479  12146864'
b'   12277785  12109363  12127293  12191743  12406362  12217822  12374624  12144589'
b'   12277648  12109424  12127460  12190972  12405755  12216335  12373074  12142768'
b'   12278431  12110298  12128301  12192155  12407023  12217505  12373689  12143115'
b'   12278674  12110631  12128744  12192435  12407331  12217689  12373784  12143255'
b'   12279015  12110988  12128977  12192986  12408255  12218716  12374217  12143483'
b'   12278166  12110301  12128474  12192220  12408016  12218675  12374316  12143180'
b'   12279643  12111985  12130275  12193910  12410169  12220727  12376133  12144598'
b'   12278713  12111054  12129283  12193542  12410577  12221036  12375118  12143059'
b'   12279181  12111397  12129593  12193874  12410606  12220800  12374715  12143192'
b'   12279461  12111565  12129763  12194510  12410933  12220819  12374088  12142911'
b'   12280190  12112050  12130122  12195320  12411510  12221508  12374115  12142974'
b'   12278700  12110594  12128537  12193993  12409919  12219841  12372259  12141677'
b'   12278973  12110730  12128556  12194117  12409325  12218499  12371147  12140556'
b'   12280720  12112421  12130177  12195194  12410484  12219420  12372895  12142371'
b'   12280302  12112253  12129994  12194626  12409594  12218056  12371934  12141686'
b'   12280314  12112125  12129476  12194139  12408432  12216522  12370806  12141038'
b'   12280007  12111827  12129317  12194291  12408625  12217124  12371070  12140474'
b'   12281890  12113519  12130483  12194672  12408486  12217541  12372291  12141738'
b'   12281638  12113441  12130792  12194396  12407721  12216629  12372115  12141802'
b'   12282713  12115765  12133432  12193252  12404589  12210741  12372831  12145126'
b'   12285388  12121338  12139273  12191893  12399162  12196602  12368481  12142709'
b'   12291426  12130797  12148294  12193532  12398653  12189297  12372402  12147984'
b'   12297891  12142122  12158352  12195532  12402135  12188747  12377477  12150184'
b'   12301386  12146959  12161279  12196030  12405817  12192456  12382603  12152135'
b'   12302952  12149612  12163461  12197191  12408696  12195317  12385509  12154999'
b'   12303464  12150675  12164314  12197379  12410251  12196937  12387159  12156398'
b'   12303180  12150915  12164196  12196973  12411203  12197756  12387920  12157124'
b'   12303312  12151174  12164644  12197078  12412085  12198723  12388915  12158203'
b'   12303597  12151769  12165139  12197214  12413422  12199803  12390087  12159320'
b'   12302659  12151277  12164675  12196433  12414038  12200175  12390463  12159338'
b'   12302561  12151289  12164854  12196312  12414990  12201004  12391174  12159934'
b'   12302839  12151870  12165347  12196665  12416278  12202197  12392603  12161300'
b'   12303078  12152314  12165915  12197028  12417907  12203465  12393596  12162228'
b'   12302998  12152213  12165811  12196977  12418876  12203991  12394000  12162652'
b'   12301552  12150677  12164187  12195567  12418163  12203058  12392932  12161682'
b'   12302165  12151226  12164812  12196275  12419627  12204193  12393945  12162856'
b'   12301903  12150702  12164270  12196042  12419801  12204137  12393649  12162814'
b'   12301339  12150089  12163519  12195636  12419598  12203905  12393368  12162729'
b'   12300667  12149108  12162575  12194879  12419040  12203206  12392745  12162214'
b'   12301371  12149623  12162934  12195576  12419575  12203877  12393396  12163307'
b'   12300324  12148397  12161534  12194571  12417954  12202453  12392226  12162416'
b'   12299758  12147790  12160958  12194027  12417410  12201962  12391948  12162086'
b'   12299386  12147602  12160897  12193876  12417332  12202082  12392057  12162237'
b'   12298840  12147281  12160569  12193460  12416894  12201881  12392000  12162066'
b'   12300319  12148866  12162239  12195092  12418249  12203585  12393824  12163847'
b'   12301203  12149877  12163230  12196064  12419310  12204892  12395084  12165106'
b'   12300508  12149307  12162740  12195499  12418907  12204350  12394743  12164852'
b'   12300001  12148859  12162303  12195009  12418676  12204146  12394671  12164846'
b'   12299043  12148004  12161481  12194121  12418094  12203496  12394012  12164250'
b'   12299995  12148974  12162585  12195190  12419267  12204696  12395287  12165450'
b'   12298988  12147983  12161599  12194251  12418651  12203966  12394530  12164571'
b'   12299182  12148521  12162071  12194724  12419413  12204772  12395267  12165296'
b'   12298390  12147576  12161329  12193803  12418802  12204104  12394619  12164727'
b'   12298485  12147845  12161655  12194124  12419478  12204701  12395192  12165190'
b'   12299092  12148593  12162456  12194786  12420464  12205625  12396161  12166132'
b'   12299557  12149230  12163112  12195387  12421801  12206831  12397211  12166878'
b'   12299712  12149573  12163576  12195653  12422654  12207506  12397981  12167493'
b'   12299190  12149092  12163293  12195220  12422837  12207415  12397686  12167196'
b'   12297015  12146826  12160979  12193111  12421345  12205477  12395717  12165235'
b'   12297897  12147560  12161603  12193895  12422712  12206509  12396521  12166167'
b'   12298307  12147805  12161729  12194278  12423296  12207018  12396910  12166668'
b'   12298242  12147605  12161612  12194335  12423563  12207079  12396887  12166781'
b'   12298419  12147497  12161385  12194610  12423674  12207076  12396795  12167011'
b'   12298321  12147236  12161023  12194330  12423373  12206672  12396416  12166821'
b'   12297417  12146042  12159891  12193387  12422200  12205598  12395457  12166019'
b'   12298181  12146715  12160489  12194264  12422756  12206211  12396020  12166862'
b'   12297512  12146005  12159709  12193676  12421498  12205208  12395152  12166130'
b'   12297669  12146195  12160023  12193904  12421548  12205481  12395541  12166470'
