b'   12457706  12350424  12386264  12538921  12696032  12388071  12530174  12371192'
b'   12499815  12389956  12424573  12579676  12737309  12425053  12571240  12411666'
b'   12580372  12465802  12497415  12656537  12815446  12495091  12652059  12487397'
b'   12613092  12496775  12526653  12687542  12847121  12523444  12685279  12517642'
b'   12631772  12513988  12542855  12704922  12864851  12539491  12703873  12534476'
b'   12644285  12525567  12553686  12716661  12876914  12550371  12716340  12545715'
b'   12654995  12535414  12563161  12726615  12887237  12559812  12726819  12555490'
b'   12662913  12542710  12569965  12734027  12894943  12566832  12734445  12562556'
b'   12669790  12549134  12576106  12740482  12901576  12572948  12741046  12568791'
b'   12676036  12554840  12581603  12746332  12907589  12578520  12746997  12574339'
b'   12681499  12559789  12586410  12751444  12912810  12583275  12752120  12579140'
b'   12685394  12563320  12589843  12755128  12916710  12586692  12755749  12582440'
b'   12689199  12566685  12592946  12758537  12920300  12589991  12759082  12585630'
b'   12693812  12571112  12597305  12763041  12924841  12594340  12763567  12589950'
b'   12696476  12573478  12599484  12765475  12927289  12596459  12765926  12591958'
b'   12699987  12576638  12602698  12768719  12930651  12599514  12769112  12595055'
b'   12702781  12579382  12605228  12771431  12933587  12602155  12771817  12597556'
b'   12705099  12581402  12607267  12773549  12935702  12603998  12773897  12599353'
b'   12708082  12584125  12609999  12776359  12938668  12606747  12776676  12602063'
b'   12710571  12586576  12612213  12778803  12941063  12608962  12779035  12604342'
b'   12712589  12588444  12614110  12780721  12943033  12610739  12780792  12605991'
b'   12714577  12590259  12615823  12782569  12945046  12612461  12782718  12607714'
b'   12716093  12591741  12617291  12784162  12946607  12613858  12784146  12609086'
b'   12719136  12594629  12620201  12786925  12949529  12616651  12787086  12611946'
b'   12720339  12595731  12621145  12788081  12950707  12617669  12788057  12612783'
b'   12721929  12597327  12622786  12789554  12952351  12619136  12789654  12614215'
b'   12724755  12600101  12625428  12792314  12955072  12621691  12792306  12616865'
b'   12726129  12601328  12626685  12793639  12956478  12622871  12793540  12617982'
b'   12727568  12602779  12628061  12794915  12957850  12624262  12794858  12619342'
b'   12729053  12604080  12629376  12796329  12959305  12625508  12796258  12620633'
b'   12730198  12605077  12630493  12797409  12960393  12626446  12797203  12621586'
b'   12731779  12606542  12631872  12798851  12961993  12627964  12798722  12622915'
b'   12732197  12606893  12632181  12799356  12962501  12628121  12799054  12623172'
b'   12733901  12608503  12633916  12800992  12964160  12629596  12800686  12624678'
b'   12735453  12610148  12635376  12802490  12965571  12631085  12802132  12626071'
b'   12736544  12611130  12636346  12803666  12966725  12631989  12803273  12627068'
b'   12737726  12612301  12637434  12804702  12967835  12633027  12804225  12628025'
b'   12739089  12613682  12638835  12806051  12969165  12634360  12805476  12629193'
b'   12739697  12614152  12639266  12806534  12969719  12634758  12805936  12629561'
b'   12740550  12614999  12640090  12807426  12970547  12635563  12806822  12630211'
b'   12742463  12616977  12642037  12809229  12972441  12637230  12808611  12631981'
b'   12742517  12616970  12641987  12809420  12972623  12637252  12808681  12632035'
b'   12744181  12618549  12643557  12811035  12974130  12638812  12810201  12633530'
b'   12744132  12618412  12643476  12810831  12974123  12638552  12810004  12633272'
b'   12745679  12619964  12645116  12812364  12975603  12640053  12811357  12634684'
b'   12746842  12621198  12646076  12813401  12976844  12641121  12812449  12635710'
b'   12746670  12620823  12645953  12813398  12976706  12640806  12812303  12635518'
b'   12748242  12622506  12647444  12814888  12978217  12642399  12813870  12636936'
b'   12748248  12622552  12647423  12814911  12978339  12642292  12813807  12636908'
b'   12749655  12623796  12648854  12816174  12979559  12643567  12815057  12638172'
b'   12749788  12623941  12648779  12816290  12979759  12643537  12815175  12638191'
b'   12750327  12624491  12649455  12816878  12980378  12644102  12815630  12638683'
b'   12750405  12624525  12649446  12816954  12980435  12644026  12815712  12638682'
b'   12751201  12625319  12650210  12817689  12981178  12644639  12816526  12639354'
b'   12752749  12626869  12651753  12819271  12982741  12646328  12818075  12640890'
b'   12753101  12627054  12652047  12819478  12983083  12646464  12818252  12641105'
b'   12754017  12628121  12653038  12820384  12984013  12647401  12819162  12642003'
b'   12754657  12628722  12653622  12821111  12984640  12648025  12819795  12642495'
b'   12755512  12629482  12654398  12821830  12985451  12648553  12820447  12643124'
b'   12755332  12629303  12654363  12821731  12985311  12648419  12820260  12642920'
b'   12756301  12630229  12655158  12822653  12986215  12649218  12821136  12643699'
b'   12757601  12631419  12656362  12823786  12987327  12650424  12822339  12644727'
b'   12757531  12631433  12656363  12823843  12987324  12650240  12822098  12644448'
b'   12758833  12632866  12657655  12825167  12988686  12651548  12823495  12645893'
b'   12759039  12632851  12657736  12825256  12988729  12651612  12823372  12645847'
b'   12759907  12633739  12658706  12826127  12989617  12652410  12824311  12646703'
b'   12760330  12634236  12659156  12826539  12990136  12652907  12824843  12647156'
b'   12760348  12634188  12659176  12826548  12990053  12652792  12824734  12647026'
b'   12761358  12635253  12660189  12827601  12991151  12653789  12825694  12647973'
b'   12760328  12634118  12659001  12826512  12990106  12652598  12824609  12646929'
b'   12761120  12634861  12659830  12827247  12990945  12653365  12825441  12647606'
b'   12761156  12634938  12659988  12827470  12991220  12653504  12825477  12647719'
b'   12762169  12635790  12660841  12828239  12991977  12654251  12826295  12648537'
b'   12762416  12636162  12661150  12828662  12992264  12654336  12826551  12648724'
b'   12763317  12637067  12662086  12829447  12993188  12655410  12827472  12649649'
b'   12762717  12636477  12661521  12829024  12992726  12654925  12826927  12649008'
b'   12764637  12638364  12663283  12830797  12994497  12656596  12828642  12650904'
b'   12764580  12638278  12663304  12830728  12994514  12656519  12828572  12650875'
b'   12764677  12638426  12663432  12830887  12994729  12656590  12828700  12650874'
b'   12765660  12639402  12664389  12831737  12995660  12657565  12829628  12651792'
b'   12765568  12639112  12664273  12831593  12995387  12657237  12829330  12651354'
b'   12766822  12640578  12665557  12833045  12996679  12658592  12830740  12652815'
b'   12766169  12639820  12665008  12832392  12996079  12657873  12829925  12651985'
b'   12767281  12640961  12666114  12833533  12997081  12658907  12831029  12652935'
b'   12768427  12642196  12667251  12834595  12998230  12660018  12832115  12654112'
b'   12768234  12641879  12667024  12834470  12998094  12659691  12831871  12653875'
b'   12769052  12642750  12667878  12835257  12998884  12660533  12832691  12654583'
b'   12767112  12640686  12665854  12833339  12997110  12658543  12830653  12652482'
b'   12768279  12641942  12666941  12834431  12998197  12659627  12831737  12653632'
b'   12768739  12642391  12667522  12834937  12998655  12660056  12832283  12654163'
b'   12768411  12641971  12667180  12834622  12998386  12659702  12832017  12653725'
b'   12769785  12643436  12668573  12836020  12999683  12661095  12833314  12655030'
b'   12770234  12643729  12668987  12836406  13000119  12661511  12833610  12655458'
b'   12770233  12643826  12668984  12836495  13000297  12661527  12833639  12655461'
b'   12770747  12644261  12669463  12836883  13000675  12661950  12834128  12655974'
b'   12770330  12643779  12669133  12836611  13000348  12661564  12833739  12655506'
b'   12771597  12645078  12670340  12837785  13001523  12662698  12834970  12656734'
b'   12771464  12644905  12670166  12837569  13001453  12662562  12834842  12656476'
b'   12772252  12645761  12671002  12838339  13002148  12663268  12835537  12657245'
b'   12771730  12645226  12670451  12837920  13001743  12662789  12835074  12656819'
b'   12772266  12645709  12671010  12838485  13002299  12663298  12835563  12657270'
b'   12771845  12645387  12670584  12838162  13001988  12662908  12835194  12656906'
b'   12773007  12646423  12671687  12839103  13002970  12663959  12836161  12657863'
b'   12773302  12646768  12672051  12839402  13003345  12664184  12836500  12658153'
b'   12772498  12645988  12671157  12838834  13002526  12663371  12835652  12657323'
b'   12773453  12646897  12672188  12839761  13003536  12664280  12836577  12658215'
b'   12773683  12647128  12672430  12839898  13003652  12664347  12836707  12658239'
b'   12774435  12647919  12673120  12840692  13004315  12665085  12837348  12658943'
b'   12773374  12646883  12672022  12839727  13003458  12664085  12836367  12657911'
b'   12774995  12648447  12673715  12841261  13004955  12665658  12838007  12659544'
b'   12774939  12648449  12673641  12841257  13004883  12665523  12837782  12659331'
b'   12774860  12648348  12673626  12841170  13004886  12665491  12837778  12659360'
b'   12775820  12649228  12674482  12842026  13005723  12666335  12838518  12660199'
b'   12776108  12649568  12674980  12842440  13006159  12666729  12839046  12660542'
b'   12774977  12648346  12673731  12841230  13005068  12665560  12837858  12659275'
b'   12775582  12649004  12674362  12841945  13005713  12666174  12838453  12659959'
b'   12776797  12650226  12675559  12843065  13006889  12667351  12839653  12661109'
b'   12776975  12650292  12675704  12843147  13007032  12667418  12839755  12661287'
b'   12777868  12651276  12676664  12844150  13007889  12668388  12840608  12662168'
b'   12776038  12649361  12674740  12842328  13006203  12666440  12838675  12660282'
b'   12777763  12651156  12676553  12844001  13007940  12668214  12840458  12661951'
b'   12777242  12650552  12676003  12843515  13007421  12667728  12839903  12661491'
b'   12776720  12650041  12675483  12843019  13006838  12667123  12839481  12660920'
b'   12777408  12650679  12676229  12843664  13007500  12667757  12839979  12661572'
b'   12777714  12650994  12676485  12843933  13007940  12668127  12840377  12661780'
b'   12777885  12651113  12676663  12844063  13008060  12668192  12840298  12662005'
b'   12778644  12651981  12677426  12844879  13008824  12668882  12841159  12662726'
b'   12777885  12651057  12676556  12844189  13007928  12668211  12840327  12661818'
b'   12778771  12652022  12677410  12844964  13008843  12668932  12841197  12662761'
b'   12778231  12651435  12676902  12844493  13008299  12668293  12840691  12662016'
b'   12778011  12651422  12676777  12844555  13008322  12668323  12840558  12661987'
b'   12778029  12651180  12676613  12844357  13008177  12668093  12840343  12661695'
b'   12779901  12653265  12678653  12846311  13010013  12670114  12842247  12663674'
b'   12778639  12651930  12677463  12845060  13008964  12668854  12841033  12662417'
b'   12779486  12652811  12678332  12845918  13009769  12669697  12841919  12663300'
b'   12780054  12653302  12678823  12846321  13010140  12670154  12842398  12663834'
b'   12779497  12652727  12678144  12845867  13009553  12669550  12841784  12663123'
b'   12779472  12652641  12678231  12845857  13009724  12669527  12841766  12663168'
b'   12779687  12652917  12678460  12846046  13009912  12669751  12841940  12663323'
b'   12779582  12652831  12678442  12846048  13009838  12669658  12841907  12663275'
b'   12780515  12653756  12679388  12846895  13010715  12670581  12842860  12664178'
b'   12780889  12654058  12679663  12847109  13011042  12670867  12843049  12664438'
b'   12779737  12652959  12678542  12846117  13010022  12669749  12842027  12663318'
b'   12780261  12653415  12679124  12846665  13010570  12670343  12842515  12663914'
b'   12780929  12654153  12679785  12847264  13011108  12670877  12843161  12664555'
b'   12781623  12654898  12680400  12847982  13011843  12671673  12843938  12665297'
b'   12780799  12654071  12679669  12847166  13011276  12670901  12843317  12664577'
b'   12781025  12654301  12679794  12847398  13011299  12670973  12843393  12664807'
b'   12782015  12655272  12680817  12848423  13012218  12671995  12844315  12665566'
b'   12781059  12654130  12679777  12847366  13011230  12670903  12843203  12664496'
b'   12782007  12655136  12680674  12848292  13012114  12671887  12844063  12665340'
b'   12780909  12654038  12679536  12847248  13011193  12670717  12843027  12664215'
b'   12781700  12654714  12680373  12848079  13011943  12671428  12843639  12664934'
b'   12781383  12654397  12680003  12847736  13011603  12671210  12843317  12664504'
b'   12781734  12654758  12680343  12847955  13011839  12671437  12843628  12664794'
b'   12782429  12655542  12681170  12848822  13012679  12672231  12844515  12665551'
b'   12783094  12656308  12681711  12849543  13013279  12672849  12845110  12666249'
b'   12782087  12655178  12680723  12848473  13012269  12671838  12844005  12665219'
b'   12783041  12655994  12681736  12849450  13013147  12672604  12845031  12666074'
b'   12782915  12655862  12681606  12849355  13012992  12672561  12844870  12665934'
b'   12781914  12654954  12680499  12848315  13012109  12671489  12843771  12664957'
b'   12782041  12655078  12680759  12848480  13012333  12671725  12843927  12665079'
b'   12782766  12655765  12681419  12849193  13013035  12672396  12844747  12665857'
b'   12783292  12656500  12682125  12849817  13013613  12673010  12845336  12666426'
b'   12782768  12655761  12681514  12849273  13013108  12672414  12844723  12665875'
b'   12783254  12656386  12682078  12849681  13013514  12672829  12845113  12666314'
b'   12782791  12655738  12681521  12849184  13013028  12672328  12844616  12665854'
b'   12782822  12655586  12681367  12849042  13012974  12672216  12844628  12665762'
b'   12783650  12656722  12682383  12849968  13013870  12673104  12845571  12666634'
b'   12783731  12656745  12682485  12850109  13014021  12673251  12845544  12666769'
b'   12783481  12656453  12682136  12849902  13013728  12672991  12845325  12666522'
b'   12783280  12656258  12681801  12849642  13013538  12672752  12844994  12666286'
b'   12783175  12656214  12681880  12849618  13013482  12672512  12844920  12666198'
b'   12784184  12657231  12682837  12850633  13014396  12673624  12845833  12667159'
b'   12783673  12656690  12682359  12850099  13013936  12673057  12845380  12666590'
b'   12784124  12657128  12682764  12850702  13014454  12673527  12845808  12667045'
b'   12783925  12656883  12682538  12850433  13014090  12673256  12845603  12666688'
b'   12783722  12656674  12682352  12850223  13014022  12673094  12845281  12666477'
b'   12784992  12657885  12683519  12851400  13015190  12674301  12846433  12667650'
b'   12785156  12657997  12683671  12851612  13015348  12674453  12846671  12667857'
b'   12784919  12657857  12683706  12851542  13015205  12674283  12846442  12667726'
b'   12784091  12657017  12682820  12850703  13014390  12673488  12845687  12666771'
b'   12785068  12657983  12683797  12851562  13015368  12674472  12846587  12667789'
b'   12785023  12657938  12683703  12851594  13015322  12674402  12846610  12667807'
b'   12783971  12656919  12682721  12850640  13014421  12673401  12845683  12666833'
b'   12784665  12657628  12683436  12851291  13015104  12674034  12846227  12667402'
b'   12785680  12658477  12684388  12852068  13015926  12675022  12847250  12668336'
b'   12784786  12657611  12683594  12851309  13015118  12674096  12846316  12667540'
b'   12785545  12658534  12684377  12852173  13015901  12674948  12847032  12668417'
b'   12785494  12658391  12684163  12852063  13015796  12674873  12846951  12668166'
b'   12784854  12657707  12683508  12851435  13015153  12674104  12846282  12667632'
b'   12785596  12658551  12684343  12852186  13015954  12675059  12847157  12668449'
b'   12785057  12657893  12683776  12851605  13015488  12674382  12846624  12667831'
b'   12786250  12659049  12684940  12852688  13016534  12675590  12847602  12668879'
b'   12785427  12658323  12684207  12851868  13015775  12674808  12846896  12668118'
b'   12785041  12657921  12683644  12851472  13015363  12674344  12846503  12667669'
b'   12784333  12657081  12682967  12850905  13014758  12673584  12845751  12666847'
b'   12785930  12658910  12684719  12852552  13016299  12675098  12847383  12668512'
b'   12785968  12658847  12684671  12852508  13016303  12675266  12847312  12668577'
b'   12785246  12658201  12683984  12851931  13015563  12674441  12846604  12667632'
b'   12786482  12659402  12685152  12853062  13016717  12675693  12847866  12668937'
b'   12786686  12659524  12685346  12853294  13016887  12675806  12847984  12669116'
b'   12786179  12659026  12684936  12852879  13016525  12675370  12847579  12668636'
b'   12786317  12659114  12684919  12852847  13016599  12675340  12847709  12668684'
b'   12785977  12658885  12684688  12852557  13016371  12675118  12847415  12668440'
b'   12786546  12659413  12685287  12853039  13016799  12675684  12847906  12668868'
b'   12786163  12658951  12684850  12852688  13016392  12675257  12847449  12668518'
b'   12785665  12658486  12684383  12852281  13016020  12674749  12847021  12668082'
b'   12786409  12659147  12685139  12853045  13016814  12675441  12847700  12668845'
b'   12786110  12658975  12684799  12852750  13016550  12675172  12847435  12668531'
b'   12785786  12658533  12684445  12852382  13016177  12674841  12847075  12668142'
b'   12786091  12658826  12684695  12852661  13016504  12675074  12847345  12668425'
b'   12786574  12659416  12685286  12853204  13016959  12675598  12847885  12669020'
b'   12786444  12659271  12685103  12853055  13016930  12675456  12847707  12668917'
b'   12785449  12658170  12684146  12852073  13015976  12674356  12846736  12667972'
b'   12786193  12658813  12684870  12852728  13016572  12675122  12847463  12668567'
b'   12785646  12658352  12684256  12852147  13016055  12674610  12846811  12668068'
b'   12787099  12659890  12685786  12853629  13017517  12676075  12848409  12669468'
b'   12786522  12659109  12685077  12853003  13016932  12675471  12847732  12668745'
b'   12787219  12659995  12685928  12853882  13017624  12676372  12848491  12669667'
b'   12785890  12658726  12684543  12852497  13016346  12674876  12847161  12668151'
b'   12787342  12660153  12686049  12853953  13017715  12676303  12848498  12669570'
b'   12787027  12659777  12685772  12853704  13017383  12676085  12848041  12669225'
b'   12786701  12659367  12685393  12853265  13016992  12675552  12847777  12668822'
b'   12786268  12658999  12684824  12852923  13016659  12675131  12847325  12668356'
b'   12785942  12658575  12684571  12852649  13016335  12674833  12847001  12667999'
b'   12785769  12658425  12684354  12852472  13016216  12674624  12846777  12667874'
b'   12787477  12660246  12686316  12854312  13017965  12676524  12848674  12669732'
b'   12786262  12658945  12684988  12853082  13016732  12675306  12847328  12668408'
b'   12787096  12659776  12685795  12853657  13017453  12675976  12848100  12669124'
b'   12785792  12658393  12684416  12852410  13016308  12674655  12846886  12667856'
b'   12786906  12659592  12685615  12853608  13017416  12675871  12847946  12669106'
b'   12787730  12660400  12686372  12854348  13018053  12676593  12848807  12669809'
b'   12786566  12659139  12685109  12853128  13016942  12675421  12847496  12668567'
b'   12787114  12659836  12685773  12853750  13017499  12675896  12848067  12669234'
b'   12787359  12660127  12686015  12854027  13017754  12676282  12848326  12669428'
b'   12786454  12659124  12685136  12853177  13017008  12675249  12847503  12668597'
b'   12787859  12660610  12686499  12854492  13018319  12676754  12848871  12670075'
b'   12787317  12659922  12685957  12853979  13017747  12676135  12848296  12669562'
b'   12787224  12659899  12685981  12853917  13017677  12676076  12848122  12669432'
b'   12786963  12659487  12685568  12853599  13017386  12675641  12847861  12668986'
b'   12787367  12659979  12686056  12853888  13017679  12676046  12848126  12669347'
b'   12787230  12659831  12685813  12853815  13017510  12675931  12848017  12669182'
b'   12787341  12659911  12685952  12853822  13017693  12676012  12848078  12669266'
b'   12787649  12660140  12686206  12854266  13017941  12676354  12848256  12669441'
b'   12788316  12660889  12686968  12854930  13018537  12676967  12848971  12670193'
b'   12787786  12660326  12686339  12854394  13018029  12676442  12848470  12669588'
b'   12787755  12660446  12686472  12854477  13018251  12676596  12848689  12669689'
b'   12787340  12659750  12685826  12853851  13017584  12675853  12848006  12669049'
b'   12787629  12660323  12686305  12854317  13018054  12676483  12848431  12669536'
b'   12787408  12660044  12686095  12854157  13017770  12676103  12848170  12669293'
b'   12789071  12661628  12687694  12855699  13019363  12677769  12849761  12670938'
b'   12788679  12661264  12687354  12855328  13018993  12677414  12849382  12670543'
b'   12789015  12661565  12687506  12855435  13019119  12677710  12849756  12670785'
b'   12788086  12660661  12686784  12854707  13018402  12676788  12848838  12669911'
b'   12788140  12660811  12686833  12854845  13018558  12677002  12848925  12670077'
b'   12788302  12660797  12686964  12854936  13018658  12676997  12849091  12670136'
b'   12787968  12660386  12686500  12854482  13018346  12676602  12848674  12669727'
b'   12788227  12660819  12686791  12854853  13018556  12676960  12848944  12670226'
b'   12788418  12660961  12686924  12854966  13018745  12677091  12849076  12670280'
b'   12787566  12660130  12686088  12854063  13017950  12676155  12848305  12669485'
b'   12787167  12659753  12685782  12853789  13017576  12675826  12847911  12669129'
b'   12787454  12660121  12686195  12854247  13017910  12676258  12848227  12669401'
b'   12788481  12661020  12687096  12855151  13018791  12677200  12849129  12670360'
b'   12788305  12660909  12686913  12854970  13018644  12676949  12848942  12670055'
b'   12788775  12661288  12687335  12855376  13018954  12677426  12849415  12670487'
b'   12788980  12661434  12687440  12855520  13019113  12677466  12849562  12670640'
b'   12789218  12661703  12687686  12855827  13019380  12677869  12849782  12670863'
b'   12788612  12661096  12687079  12855167  13018751  12677067  12849203  12670173'
b'   12788935  12661412  12687381  12855623  13019128  12677570  12849566  12670532'
b'   12788908  12661402  12687448  12855535  13019104  12677416  12849508  12670563'
b'   12789673  12662246  12688258  12856358  13019932  12678245  12850149  12671402'
b'   12788581  12661081  12686998  12855214  13018828  12677116  12849052  12670093'
b'   12789858  12662231  12688396  12856421  13019916  12678247  12850180  12671419'
b'   12788824  12661306  12687318  12855380  13019084  12677305  12849275  12670344'
b'   12789385  12661873  12687926  12856063  13019600  12677881  12849808  12671018'
b'   12788448  12660870  12686958  12855031  13018690  12676864  12848869  12669999'
b'   12788931  12661372  12687372  12855552  13019165  12677432  12849332  12670530'
b'   12787946  12660400  12686467  12854512  13018229  12676465  12848411  12669603'
b'   12788832  12661279  12687402  12855475  13019177  12677352  12849488  12670476'
b'   12789031  12661411  12687575  12855573  13019248  12677572  12849889  12670709'
b'   12788862  12661258  12687329  12855394  13019011  12677401  12849771  12670533'
b'   12789131  12661670  12687723  12855810  13019370  12677747  12850133  12670919'
b'   12788471  12660941  12686968  12854983  13018783  12677035  12849421  12670232'
b'   12789391  12661789  12687807  12855929  13019592  12677815  12850316  12671091'
b'   12789330  12661760  12687895  12855838  13019558  12677859  12850155  12671006'
b'   12789237  12661604  12687709  12855778  13019399  12677671  12849981  12670862'
b'   12788540  12660950  12686941  12855138  13018814  12676935  12849388  12670067'
b'   12788811  12661125  12687331  12855462  13019075  12677195  12849620  12670325'
b'   12788425  12660867  12686902  12855065  13018738  12676877  12849210  12670018'
b'   12789019  12661499  12687473  12855767  13019217  12677451  12849803  12670415'
b'   12788802  12661202  12687214  12855373  13019017  12677138  12849569  12670254'
b'   12789090  12661393  12687405  12855671  13019204  12677484  12849714  12670413'
b'   12789712  12662062  12688226  12856364  13019906  12678201  12850368  12671124'
b'   12789489  12661837  12687851  12856035  13019555  12677766  12850088  12670853'
b'   12788978  12661370  12687397  12855544  13019110  12677335  12849638  12670316'
b'   12788865  12661239  12687235  12855432  13019031  12677141  12849527  12670297'
b'   12788981  12661351  12687480  12855561  13019201  12677380  12849706  12670416'
b'   12789074  12661451  12687522  12855666  13019261  12677492  12849868  12670509'
b'   12788756  12661103  12687137  12855234  13018772  12677048  12849364  12670156'
