b'   12081833  11967588  11997319  12052714  12258794  12044735  12190930  12007930'
b'   12121591  12004084  12032589  12089943  12296727  12079095  12229412  12044414'
b'   12200203  12074885  12100999  12161646  12370293  12146513  12307720  12115582'
b'   12232201  12103042  12128138  12190075  12399600  12173869  12340299  12143770'
b'   12249422  12117639  12142115  12204769  12414931  12188357  12357675  12158408'
b'   12262694  12129096  12152987  12216122  12426708  12199494  12370650  12169857'
b'   12271164  12136335  12159872  12223381  12434311  12206606  12379127  12177328'
b'   12276766  12140745  12163998  12227840  12439187  12211055  12384415  12181869'
b'   12283722  12146783  12169899  12234038  12445547  12217023  12391124  12187740'
b'   12287921  12150391  12173433  12237821  12449343  12220621  12395165  12191067'
b'   12292844  12154483  12177375  12242071  12453702  12224738  12399711  12195015'
b'   12295785  12156982  12179657  12244560  12456477  12227062  12402416  12197237'
b'   12300168  12160870  12183407  12248521  12460396  12231042  12406478  12201015'
b'   12303604  12163546  12185955  12251290  12463037  12233295  12409062  12203490'
b'   12305710  12165189  12187449  12252978  12464753  12234790  12410729  12205067'
b'   12307058  12166242  12188371  12254087  12465694  12235561  12411821  12206042'
b'   12309549  12168445  12190577  12256344  12467915  12237732  12414182  12208190'
b'   12311139  12170043  12192119  12257712  12469377  12239067  12415715  12209427'
b'   12312733  12171274  12193313  12258940  12470718  12240184  12417186  12210677'
b'   12314757  12173226  12195253  12260825  12472740  12242070  12419100  12212454'
b'   12316230  12174553  12196507  12262149  12474102  12243378  12420551  12213639'
b'   12319081  12177356  12199330  12264835  12476962  12246151  12423546  12216389'
b'   12319952  12178163  12200117  12265629  12477852  12246834  12424422  12216966'
b'   12320794  12178876  12200885  12266452  12478618  12247532  12425297  12217780'
b'   12322637  12180701  12202732  12268102  12480523  12249440  12427182  12219551'
b'   12324712  12182847  12204809  12270157  12482613  12251509  12429315  12221539'
b'   12325503  12183488  12205398  12270863  12483513  12252145  12430092  12222230'
b'   12327334  12185355  12207121  12272540  12485163  12253971  12431917  12223937'
b'   12326506  12184447  12206430  12271839  12484798  12253096  12431422  12223121'
b'   12327017  12185136  12207027  12272291  12485375  12253818  12432074  12223651'
b'   12328337  12186501  12208541  12273696  12486825  12255105  12433645  12225153'
b'   12329340  12187560  12209632  12274613  12487920  12256071  12434883  12226125'
b'   12331143  12189170  12211281  12276241  12489596  12257765  12436417  12227807'
b'   12331141  12188916  12211033  12276223  12489640  12257562  12436362  12227546'
b'   12333264  12191000  12212962  12278253  12491728  12259547  12438213  12229465'
b'   12333581  12191006  12212949  12278391  12491895  12259485  12438239  12229453'
b'   12334352  12191654  12213481  12279083  12492723  12260128  12438734  12229947'
b'   12334618  12191628  12213542  12279272  12492801  12259996  12438606  12229842'
b'   12335237  12191844  12213669  12279563  12492837  12259971  12438640  12230034'
b'   12335897  12192024  12213797  12280062  12492812  12259907  12438598  12230202'
b'   12335158  12191362  12212940  12279329  12491971  12258947  12437709  12229248'
b'   12336841  12193075  12214742  12281060  12493585  12260435  12439322  12230861'
b'   12337576  12193982  12215472  12281803  12494137  12261168  12440071  12231483'
b'   12338078  12194597  12216183  12282384  12494816  12261770  12440851  12232162'
b'   12339020  12195553  12217117  12283356  12495707  12262677  12441785  12232893'
b'   12338934  12195531  12217159  12283250  12495686  12262548  12441771  12232870'
b'   12339127  12195856  12217520  12283616  12496140  12262919  12442191  12233073'
b'   12339645  12196356  12218022  12284123  12496582  12263361  12442729  12233468'
b'   12341469  12198265  12219843  12285855  12498432  12265217  12444568  12235288'
b'   12340350  12197030  12218728  12284623  12497392  12263999  12443431  12234070'
b'   12341077  12198085  12219700  12285537  12498384  12265081  12444513  12235068'
b'   12341654  12198620  12220343  12286159  12499178  12265597  12445170  12235603'
b'   12341609  12198538  12220274  12286010  12499207  12265569  12445256  12235572'
b'   12342340  12199534  12221326  12286935  12500262  12266658  12446343  12236513'
b'   12343654  12201023  12222776  12288274  12501782  12268178  12447880  12237907'
b'   12343732  12201267  12223116  12288422  12502352  12268522  12448358  12238252'
b'   12344058  12201586  12223445  12288644  12502839  12268975  12448697  12238526'
b'   12344528  12201937  12223786  12289228  12503486  12269485  12449232  12239038'
b'   12344389  12201532  12223582  12289061  12503407  12269086  12449001  12238694'
b'   12344801  12201832  12223701  12289323  12503634  12269284  12449098  12238922'
b'   12345202  12202147  12223910  12289614  12503801  12269410  12449193  12239094'
b'   12346503  12203085  12224855  12290876  12504847  12270300  12449876  12240021'
b'   12346706  12203063  12224837  12290988  12504757  12270049  12449789  12239875'
b'   12346642  12202791  12224535  12290883  12504376  12269716  12449337  12239633'
b'   12346155  12202071  12223755  12290290  12503581  12268863  12448508  12238824'
b'   12347768  12203700  12225231  12291921  12504739  12269955  12449660  12240116'
b'   12348005  12203968  12225426  12292173  12504776  12270062  12449811  12240220'
b'   12347960  12203954  12225546  12292154  12504760  12270040  12449866  12240150'
b'   12347606  12203714  12225430  12291836  12504474  12269852  12449763  12239815'
b'   12347103  12203348  12224817  12291418  12503998  12269181  12449332  12239373'
b'   12348818  12205215  12226796  12293209  12505778  12271130  12451199  12241193'
b'   12347594  12203922  12225505  12292010  12504604  12269884  12450069  12239937'
b'   12348667  12205017  12226778  12293163  12505727  12271078  12451264  12240986'
b'   12348025  12204443  12226098  12292472  12505210  12270485  12450659  12240320'
b'   12349680  12206167  12227997  12294168  12506909  12272172  12452380  12242082'
b'   12349972  12206538  12228389  12294507  12507378  12272615  12452808  12242448'
b'   12350805  12207432  12229252  12295360  12508346  12273526  12453885  12243318'
b'   12349367  12206033  12227781  12293853  12507096  12272277  12452515  12241862'
b'   12349471  12206299  12228120  12294233  12507351  12272511  12452904  12242227'
b'   12349546  12206407  12228286  12294178  12507759  12272801  12453242  12242375'
b'   12350548  12207743  12229728  12295331  12509428  12274405  12454825  12243770'
b'   12350989  12208161  12230179  12295800  12509997  12274933  12455331  12244181'
b'   12350168  12207162  12229200  12294896  12509295  12273992  12454494  12243367'
b'   12351472  12208500  12230359  12296273  12510683  12275266  12455613  12244715'
b'   12351088  12207779  12229693  12295735  12510282  12274611  12454901  12243890'
b'   12352243  12208884  12230729  12296855  12511137  12275618  12455838  12244890'
b'   12352538  12208966  12230958  12297191  12511254  12275723  12455771  12245200'
b'   12353015  12209186  12231101  12297538  12511452  12275726  12455872  12245270'
b'   12352151  12207523  12229382  12296199  12509535  12273776  12453828  12243678'
b'   12352324  12207536  12229421  12296292  12509472  12273672  12453640  12243709'
b'   12352568  12207803  12229592  12296683  12509616  12273866  12454064  12243779'
b'   12353599  12209169  12231001  12297763  12510567  12275000  12455118  12244795'
b'   12353679  12209254  12231160  12297993  12510601  12275044  12455285  12244983'
b'   12353963  12209783  12231566  12298380  12510997  12275406  12455699  12245356'
b'   12352928  12208645  12230447  12297321  12509903  12274385  12454774  12244221'
b'   12353287  12209400  12231069  12297818  12510354  12274898  12455298  12244629'
b'   12353298  12209385  12231255  12297854  12510494  12274990  12455334  12244798'
b'   12353641  12209727  12231657  12298253  12510906  12275198  12455818  12245051'
b'   12354021  12210221  12232155  12298676  12511341  12275760  12456325  12245476'
b'   12354098  12210387  12232203  12298692  12511495  12276063  12456593  12245683'
b'   12354668  12211021  12232978  12299409  12512304  12276777  12457339  12246448'
b'   12354504  12210887  12232801  12299242  12512157  12276613  12457262  12246316'
b'   12355169  12211559  12233669  12300057  12513056  12277509  12458046  12247048'
b'   12354987  12211634  12233696  12299945  12513287  12277614  12458276  12247122'
b'   12354714  12211358  12233546  12299707  12513373  12277636  12458256  12246917'
b'   12355658  12212637  12234934  12300769  12514733  12278927  12459638  12248161'
b'   12353599  12210391  12232645  12298533  12513097  12277030  12457758  12246089'
b'   12354815  12211798  12233838  12299991  12514456  12278347  12458982  12247378'
b'   12355451  12212068  12234269  12300313  12515081  12278835  12459364  12247809'
b'   12355047  12211475  12233658  12299959  12514562  12278222  12458646  12247258'
b'   12355533  12211707  12233825  12300408  12514615  12278205  12458592  12247359'
b'   12355255  12211199  12233278  12299950  12514146  12277558  12458065  12246796'
b'   12356669  12212399  12234441  12301242  12515165  12278707  12458968  12247909'
b'   12356802  12212452  12234509  12301452  12514987  12278435  12458678  12247915'
b'   12357065  12212455  12234336  12301574  12514518  12278050  12458299  12247750'
b'   12355826  12211118  12233072  12300295  12513142  12276725  12456985  12246363'
b'   12356377  12211721  12233729  12300953  12513610  12277319  12457585  12246894'
b'   12356413  12211973  12233979  12301101  12513703  12277416  12457850  12247036'
b'   12356778  12212321  12234301  12301454  12514009  12277768  12458309  12247483'
b'   12356236  12212082  12233883  12301069  12513614  12277380  12457938  12247007'
b'   12356292  12211994  12233990  12300996  12513668  12277367  12457999  12247046'
b'   12355919  12211760  12233789  12300807  12513489  12277199  12457831  12246881'
b'   12357153  12213170  12235167  12302117  12514722  12278636  12459193  12248160'
b'   12356083  12211975  12234060  12300907  12513627  12277447  12458098  12247024'
b'   12357414  12213446  12235623  12302388  12515201  12279046  12459582  12248612'
b'   12357240  12213342  12235596  12302143  12515133  12278964  12459738  12248338'
b'   12357590  12213839  12236017  12302530  12515720  12279361  12460286  12248809'
b'   12356474  12212662  12234983  12301500  12514877  12278527  12459271  12247798'
b'   12357227  12213630  12235929  12302304  12515973  12279522  12460315  12248701'
b'   12357270  12213880  12236309  12302533  12516739  12280201  12461148  12249155'
b'   12357365  12214138  12236578  12302720  12517205  12280595  12461526  12249422'
b'   12357590  12214182  12236632  12302859  12517572  12280793  12461571  12249631'
b'   12357753  12214323  12236716  12303055  12517830  12280867  12461687  12249680'
b'   12358826  12215101  12237433  12303844  12518575  12281546  12462268  12250516'
b'   12359495  12215608  12237874  12304485  12519004  12281952  12462443  12250945'
b'   12358986  12214874  12237141  12303961  12518426  12281295  12461693  12250267'
b'   12358475  12214249  12236375  12303375  12517667  12280490  12460968  12249515'
b'   12359501  12214807  12236946  12304180  12517879  12280733  12461101  12250021'
b'   12358369  12213546  12235628  12303137  12516408  12279252  12459870  12248632'
b'   12358958  12214079  12236130  12303662  12516635  12279667  12460180  12249084'
b'   12358284  12213474  12235514  12303108  12515865  12278918  12459581  12248451'
b'   12358863  12214158  12236264  12303751  12516313  12279574  12460265  12249076'
b'   12358192  12213642  12235717  12302981  12515840  12278945  12459705  12248465'
b'   12358477  12213959  12236227  12303436  12516108  12279278  12460027  12248801'
b'   12359102  12214743  12236894  12304110  12516724  12280103  12460858  12249515'
b'   12358409  12214038  12236187  12303311  12516079  12279299  12460276  12248802'
b'   12359257  12214971  12237165  12304234  12516960  12280294  12461212  12249793'
b'   12358951  12214605  12237004  12304002  12516748  12280080  12460876  12249531'
b'   12359097  12214919  12237169  12304152  12517067  12280480  12461196  12249979'
b'   12359947  12215599  12238015  12304781  12517762  12281158  12461933  12250915'
b'   12359387  12215325  12237666  12304513  12517600  12280836  12461728  12250787'
b'   12359652  12215268  12237978  12304592  12517926  12281233  12462071  12251372'
b'   12359513  12215326  12237964  12304507  12518388  12281408  12462320  12251962'
b'   12359941  12215803  12238640  12305097  12519221  12282203  12462893  12252908'
b'   12359750  12215490  12238604  12304943  12519254  12282251  12462850  12253046'
b'   12360879  12216398  12239486  12305858  12520389  12283404  12463677  12254629'
b'   12361097  12216066  12239308  12305820  12520373  12283332  12463549  12254922'
b'   12360041  12214899  12238132  12304927  12519429  12282072  12462240  12253959'
b'   12360503  12215022  12238276  12305043  12519578  12282179  12462220  12254179'
b'   12360972  12215374  12238548  12305519  12519634  12282321  12462279  12254661'
b'   12361475  12215471  12238717  12305839  12519686  12282306  12462220  12254942'
b'   12360190  12213862  12237043  12304497  12518156  12280560  12460593  12253632'
b'   12361485  12214879  12238223  12305662  12518796  12281410  12461326  12254759'
b'   12361210  12214442  12237882  12305478  12518039  12280829  12460731  12254532'
b'   12360203  12213349  12236834  12304441  12516809  12279723  12459600  12253876'
b'   12360006  12212983  12236647  12304124  12516435  12279258  12459216  12253540'
b'   12361314  12214339  12238020  12305536  12517686  12280749  12460662  12255612'
b'   12361022  12213670  12237487  12305018  12517186  12280090  12460123  12255523'
b'   12359812  12212591  12236457  12303972  12515946  12279024  12459048  12254692'
b'   12361975  12214348  12238532  12305990  12518069  12281013  12460950  12257703'
b'   12361867  12213776  12238067  12305647  12517762  12280634  12460516  12258824'
b'   12362351  12213876  12238449  12305956  12518100  12281040  12461155  12260439'
b'   12362153  12213457  12238110  12305724  12517865  12280672  12461002  12261189'
b'   12362273  12213231  12238199  12305676  12517793  12280690  12460999  12262283'
b'   12363228  12213810  12238932  12306453  12518760  12281546  12461839  12264162'
b'   12360961  12211089  12236312  12304009  12516601  12279112  12459490  12262808'
b'   12363101  12212935  12238376  12305993  12518763  12281336  12461606  12266172'
b'   12363232  12212673  12238324  12305825  12518758  12281327  12461599  12267096'
b'   12363352  12212310  12238259  12305618  12519201  12281542  12461602  12269387'
b'   12364136  12212239  12238369  12305958  12519833  12281734  12462000  12271722'
b'   12364115  12210991  12237585  12305495  12519336  12281028  12461245  12273135'
b'   12364760  12210485  12237267  12305456  12519491  12280847  12461138  12276111'
b'   12365657  12209858  12236620  12305315  12519462  12280338  12461008  12278977'
b'   12366766  12209576  12236587  12305900  12519920  12280310  12461397  12282307'
b'   12367164  12208401  12235509  12305377  12519322  12279290  12460790  12284905'
b'   12367705  12207364  12234532  12304959  12518836  12278300  12460389  12287204'
b'   12367645  12205558  12232795  12303841  12516896  12276108  12458941  12289299'
b'   12369183  12205522  12232813  12304352  12516684  12276025  12459653  12293321'
b'   12369766  12204938  12232116  12303941  12516261  12275267  12459702  12295560'
b'   12369121  12203431  12230535  12302433  12514307  12273596  12459027  12296736'
b'   12370974  12204388  12231383  12303469  12515255  12274549  12461261  12301495'
b'   12370546  12203103  12230038  12302069  12513789  12273131  12460748  12303175'
b'   12372675  12203952  12230850  12303181  12514780  12274022  12462994  12307360'
b'   12373089  12203884  12230509  12302992  12514763  12273705  12463753  12309280'
b'   12373643  12203600  12230221  12302726  12514201  12273360  12464767  12311880'
b'   12373363  12202765  12229126  12301810  12513577  12272555  12465300  12313924'
b'   12374684  12203303  12229378  12302198  12513961  12272918  12467428  12318141'
b'   12376821  12204451  12230287  12303372  12515223  12274069  12470797  12323161'
b'   12377486  12204734  12229831  12303441  12515734  12274092  12473418  12326223'
b'   12378357  12205324  12230093  12303684  12515904  12274593  12476016  12329753'
b'   12379168  12205535  12229811  12303716  12516086  12274893  12479006  12333423'
b'   12378956  12205237  12228973  12302801  12515834  12274774  12481539  12335712'
b'   12379705  12205879  12229012  12302742  12515991  12275451  12484662  12338501'
b'   12380521  12206387  12228938  12302747  12516392  12276129  12488862  12342395'
b'   12382176  12208138  12230174  12303766  12517634  12277892  12492459  12345000'
b'   12383120  12208604  12230118  12303865  12518087  12278883  12495640  12347684'
b'   12382936  12208581  12229633  12303406  12517835  12278914  12496565  12347778'
b'   12382842  12207982  12228653  12302464  12516764  12278249  12497337  12348417'
b'   12383799  12208460  12228661  12302786  12517219  12279123  12500137  12350368'
b'   12384353  12209169  12228811  12303020  12517375  12279807  12502017  12351020'
b'   12384258  12208783  12228212  12302460  12516587  12279562  12502537  12350583'
b'   12384046  12208747  12227484  12301978  12516000  12279801  12504402  12350877'
b'   12384584  12209277  12227612  12302055  12515199  12280363  12506529  12351711'
b'   12383975  12208948  12226882  12301366  12514553  12280420  12508721  12351785'
b'   12384563  12210305  12227933  12302206  12515333  12282074  12509961  12351394'
b'   12384390  12210428  12227927  12301976  12515085  12282444  12511134  12351371'
b'   12384368  12211019  12228365  12302146  12515183  12283403  12512310  12350874'
b'   12383494  12210614  12227827  12301340  12514526  12283284  12512181  12349277'
b'   12384594  12212052  12229216  12302379  12515668  12285405  12515066  12350660'
b'   12383701  12211961  12228881  12301840  12515392  12286304  12516807  12349864'
b'   12384133  12212789  12229722  12302309  12516334  12288105  12518867  12349984'
b'   12383519  12212357  12229177  12301548  12515605  12287713  12518552  12349766'
b'   12383712  12212736  12229515  12301872  12516151  12288661  12519479  12349267'
b'   12384351  12214094  12231049  12303045  12517650  12290779  12521198  12349419'
b'   12383642  12213772  12230685  12302285  12517388  12292100  12523304  12349339'
b'   12385403  12216885  12233962  12305177  12520977  12296284  12525904  12348647'
b'   12383964  12215677  12232898  12303826  12519846  12296093  12526177  12348122'
b'   12384989  12217220  12234491  12304988  12521762  12298592  12528596  12349019'
b'   12384544  12217532  12234964  12305039  12522964  12300153  12529508  12348090'
b'   12384995  12217891  12235352  12305428  12523660  12301765  12531356  12349275'
b'   12383813  12217437  12235040  12305054  12524249  12303258  12531879  12346376'
b'   12383632  12217592  12235367  12305390  12525087  12305118  12533085  12346060'
b'   12383222  12217575  12235510  12305843  12526134  12306445  12533309  12344056'
b'   12382967  12217886  12236154  12306350  12526741  12308026  12533937  12343126'
b'   12381907  12217045  12235413  12305780  12526685  12308448  12533732  12341376'
b'   12382210  12217559  12235733  12306807  12527416  12309568  12533890  12340282'
b'   12382483  12218290  12236955  12308461  12529434  12312552  12534324  12338648'
b'   12379995  12216859  12235971  12307879  12529506  12313503  12532953  12334530'
b'   12380038  12217757  12237697  12310112  12533065  12317855  12533812  12331580'
b'   12378750  12217603  12238056  12310961  12535172  12321281  12534511  12328615'
b'   12377754  12217965  12239083  12312956  12539337  12324976  12533401  12322592'
b'   12375669  12217017  12238791  12314457  12543720  12329744  12532763  12316427'
b'   12373344  12215937  12238296  12315498  12547622  12332732  12529725  12308009'
b'   12371095  12215223  12237856  12317163  12553360  12335791  12524973  12297611'
b'   12369782  12214137  12236773  12319339  12562411  12341034  12520748  12289439'
b'   12368078  12212552  12234704  12320060  12571138  12342395  12511357  12277753'
b'   12367860  12212228  12233678  12321276  12578542  12343854  12504400  12271113'
b'   12365758  12210056  12230725  12319533  12581116  12340978  12493714  12262125'
b'   12366474  12210612  12230760  12320328  12583148  12338288  12485701  12257186'
b'   12366514  12210533  12230486  12320695  12584650  12337051  12481414  12254231'
b'   12366267  12210601  12230767  12321073  12584754  12335114  12477859  12252204'
b'   12366856  12211456  12231714  12322964  12587448  12335808  12476756  12251854'
b'   12366523  12211045  12231364  12323706  12589219  12335229  12474743  12250312'
b'   12366277  12210887  12231082  12324088  12589875  12332184  12471372  12249402'
b'   12366960  12211486  12231476  12325532  12591008  12329111  12468506  12248900'
b'   12366473  12211235  12230784  12325729  12589963  12323209  12464600  12247439'
b'   12366986  12212143  12231612  12326069  12587079  12318214  12463147  12248060'
b'   12365646  12210582  12229847  12325760  12586330  12315103  12460351  12246133'
b'   12366900  12211865  12230893  12326957  12585545  12312142  12459792  12247079'
b'   12366431  12211415  12230290  12326941  12583313  12308220  12457960  12246453'
b'   12366215  12211159  12229893  12327158  12582526  12306427  12456968  12245993'
b'   12365719  12210464  12228891  12327117  12580798  12303133  12455151  12245088'
b'   12365566  12210616  12229098  12326936  12578089  12299267  12454247  12244910'
b'   12364974  12210304  12228507  12326887  12576408  12296264  12453291  12244412'
b'   12365885  12211797  12229923  12327560  12574006  12293673  12454075  12245607'
b'   12365812  12212473  12230797  12327161  12568637  12290010  12454178  12245885'
b'   12367790  12215694  12234532  12327484  12561489  12289043  12457269  12248867'
b'   12367634  12216537  12235897  12325989  12554769  12287190  12458372  12249534'
b'   12367916  12217495  12237231  12325080  12550064  12286702  12459754  12250526'
b'   12368087  12218584  12238940  12323859  12544687  12286412  12461172  12251465'
b'   12369921  12221413  12242763  12323922  12539763  12288427  12464545  12254288'
b'   12370118  12222269  12244663  12322144  12534122  12289303  12466280  12255817'
b'   12370610  12223515  12246764  12321192  12530867  12290567  12468007  12257139'
b'   12370443  12223573  12246971  12320217  12530558  12290475  12468541  12257253'
b'   12370217  12223589  12246951  12319679  12530634  12290332  12468970  12257482'
b'   12371841  12225469  12248773  12320892  12532393  12291942  12470893  12259340'
b'   12371393  12225291  12248569  12320348  12532501  12291990  12471156  12259355'
b'   12371005  12225154  12248502  12319793  12533142  12292146  12471312  12259434'
b'   12370548  12224727  12248197  12319272  12533195  12291965  12471234  12259254'
b'   12370600  12224690  12248107  12319053  12533490  12292072  12471371  12259468'
b'   12370587  12224594  12247988  12318907  12533829  12291937  12471357  12259463'
b'   12369988  12223819  12247008  12318227  12533426  12291215  12470474  12258727'
b'   12370420  12223962  12247072  12318439  12533695  12291338  12470651  12259114'
b'   12370956  12224383  12247362  12318757  12534070  12291668  12470937  12259595'
b'   12370779  12223898  12246802  12318391  12533625  12291110  12470391  12259189'
b'   12371447  12224179  12246918  12318845  12533434  12290895  12470066  12259355'
b'   12371989  12224630  12247386  12319303  12533633  12291116  12470395  12259806'
b'   12371869  12224504  12247228  12319189  12533312  12290812  12470074  12259472'
b'   12370415  12223279  12246046  12317814  12531759  12289390  12468832  12258096'
b'   12371468  12224444  12247152  12318762  12533256  12290760  12470237  12259452'
b'   12371502  12224511  12247256  12318879  12533088  12290696  12470328  12259697'
b'   12369653  12222850  12245532  12317041  12531240  12288886  12468511  12257936'
b'   12369911  12223255  12246089  12317400  12531770  12289415  12469112  12258394'
b'   12370255  12223534  12246259  12317763  12532512  12289896  12469614  12258939'
b'   12370317  12223708  12246663  12317983  12533008  12290362  12470051  12259225'
b'   12370515  12224058  12246886  12318131  12533340  12290754  12470320  12259656'
b'   12370614  12224122  12246965  12318255  12533554  12290895  12470656  12259866'
b'   12369986  12223436  12246290  12317564  12533079  12290424  12470174  12259340'
b'   12370354  12223986  12246736  12317970  12533638  12290916  12470724  12259891'
b'   12369877  12223710  12246270  12317410  12533355  12290434  12470216  12259457'
