b'   12392317  12282531  12322524  12458832  12626504  12331990  12469872  12310464'
b'   12434558  12321379  12360184  12498723  12667072  12368313  12510662  12350535'
b'   12516609  12397925  12432983  12575408  12745151  12438688  12592674  12426840'
b'   12550920  12430035  12462883  12607129  12777294  12468129  12627369  12458052'
b'   12570368  12447885  12479547  12624897  12795077  12484652  12646882  12475454'
b'   12583243  12459608  12490455  12636514  12806942  12495544  12659406  12486804'
b'   12593342  12468671  12498887  12645761  12816370  12504300  12669217  12496029'
b'   12601322  12475912  12505547  12652947  12823824  12511170  12676732  12502950'
b'   12607566  12481431  12510657  12658430  12829450  12516313  12682591  12508184'
b'   12613580  12486855  12516073  12663907  12835064  12521668  12688418  12513494'
b'   12617725  12490534  12519374  12667454  12838824  12524965  12692205  12517141'
b'   12624223  12496596  12525047  12673473  12844927  12530979  12698365  12523170'
b'   12626675  12498687  12526995  12675609  12847165  12532841  12700621  12525455'
b'   12630834  12502583  12530682  12679279  12851135  12536548  12704468  12529461'
b'   12633308  12504689  12532790  12681389  12853409  12538525  12706677  12531558'
b'   12637447  12508496  12536488  12685197  12857246  12542354  12710604  12535415'
b'   12639760  12510539  12538340  12687215  12859324  12544133  12712472  12537229'
b'   12641510  12512000  12539638  12688801  12860908  12545562  12714069  12538469'
b'   12646026  12516185  12543739  12692965  12865054  12549629  12718195  12542553'
b'   12647313  12517146  12544562  12694011  12866204  12550425  12719242  12543292'
b'   12649659  12519191  12546512  12696049  12868305  12552413  12721244  12545176'
b'   12650378  12519878  12546926  12696814  12869024  12552987  12721832  12545245'
b'   12653510  12522803  12549948  12699800  12872021  12555938  12724781  12548029'
b'   12654813  12523943  12550890  12700956  12873158  12556948  12725894  12548850'
b'   12657347  12526351  12553342  12703328  12875600  12559224  12728407  12551312'
b'   12658048  12526937  12553820  12703968  12876280  12559758  12729096  12551808'
b'   12658792  12527635  12554536  12704675  12877031  12560293  12729682  12552551'
b'   12660969  12529600  12556378  12706683  12878949  12562167  12731663  12554490'
b'   12661445  12529958  12556732  12706947  12879210  12562260  12731902  12554783'
b'   12664350  12532602  12559342  12709492  12881905  12564843  12734480  12557487'
b'   12665434  12533674  12560353  12710587  12882797  12565830  12735476  12558535'
b'   12667448  12535603  12562294  12712251  12884733  12567615  12737241  12560316'
b'   12668413  12536535  12563078  12713105  12885615  12568353  12738124  12561065'
b'   12670050  12538081  12564729  12714705  12887132  12569751  12739532  12562595'
b'   12669658  12537634  12564303  12714350  12886922  12569322  12739226  12562133'
b'   12672105  12539919  12566691  12716523  12889096  12571530  12741592  12564475'
b'   12673346  12541172  12567742  12717702  12890219  12572488  12742579  12565719'
b'   12674441  12542055  12568806  12718562  12891141  12573344  12743493  12566744'
b'   12675289  12542941  12569633  12719263  12891926  12573973  12744367  12567727'
b'   12675955  12543492  12570253  12719844  12892749  12574591  12745099  12568199'
b'   12677620  12545221  12571825  12721504  12894212  12576144  12746513  12569794'
b'   12678413  12545905  12572602  12722423  12895065  12576821  12747260  12570495'
b'   12678793  12546259  12572732  12722749  12895396  12577260  12747564  12570586'
b'   12679384  12546903  12573356  12723397  12896179  12577760  12748078  12570895'
b'   12680496  12547913  12574282  12724586  12897227  12578799  12749104  12571741'
b'   12680487  12547899  12574257  12724840  12897390  12578797  12749124  12571320'
b'   12681472  12548868  12575262  12725741  12898393  12579719  12750047  12572091'
b'   12682230  12549566  12575958  12726554  12899243  12580470  12750795  12572623'
b'   12682869  12550129  12576376  12727046  12899667  12580916  12751265  12572991'
b'   12683352  12550610  12576960  12727545  12900056  12581282  12751632  12573429'
b'   12683051  12550233  12576639  12727160  12899641  12580773  12751300  12573010'
b'   12684192  12551284  12577688  12728302  12900719  12581705  12752289  12573997'
b'   12685686  12552867  12579233  12729508  12902266  12583160  12753744  12575500'
b'   12686003  12553082  12579456  12729839  12902453  12583328  12754077  12575597'
b'   12686365  12553474  12579754  12730193  12902782  12583613  12754187  12575801'
b'   12686883  12553851  12580211  12730571  12903253  12583893  12754632  12576362'
b'   12687983  12554753  12581192  12731428  12904125  12584834  12755564  12577336'
b'   12688919  12555766  12582032  12732406  12905013  12585677  12756359  12578260'
b'   12689240  12556002  12582447  12732626  12905268  12585699  12756650  12578565'
b'   12689891  12556636  12582994  12733272  12905929  12586223  12757180  12579212'
b'   12690203  12556828  12583386  12733376  12906072  12586337  12757610  12579420'
b'   12691204  12557964  12584478  12734108  12907056  12587316  12758585  12580879'
b'   12692166  12558849  12585494  12735066  12907891  12587985  12759468  12581772'
b'   12692511  12559129  12585811  12735346  12908259  12588332  12759672  12582122'
b'   12692866  12559462  12585942  12735714  12908647  12588609  12759905  12582412'
b'   12692564  12559000  12585414  12735416  12908352  12588241  12759541  12581880'
b'   12693640  12560081  12586403  12736476  12909322  12589175  12760658  12582805'
b'   12693392  12559782  12586228  12736424  12909251  12589008  12760731  12582335'
b'   12693467  12559677  12585984  12736550  12909473  12589085  12760604  12582039'
b'   12695117  12561326  12587448  12738256  12911155  12590857  12762005  12583436'
b'   12694549  12560837  12586856  12737788  12910599  12590360  12761470  12582433'
b'   12694739  12560980  12586906  12738047  12910836  12590466  12761581  12582534'
b'   12695735  12561910  12587999  12738985  12911844  12591300  12762610  12583390'
b'   12695277  12561415  12587427  12738409  12911219  12590694  12761833  12582825'
b'   12695916  12562154  12588281  12739099  12911829  12591298  12762584  12583336'
b'   12696633  12562568  12588865  12739648  12912428  12591851  12763016  12583983'
b'   12697770  12563914  12590150  12740790  12913519  12592994  12764188  12585100'
b'   12698196  12564241  12590464  12741030  12913744  12593137  12764338  12585302'
b'   12699308  12565270  12591493  12741996  12914766  12594033  12765291  12586425'
b'   12698541  12564459  12590807  12741286  12913975  12593232  12764556  12585690'
b'   12698838  12564691  12590975  12741406  12914224  12593394  12764628  12585897'
b'   12699262  12565078  12591498  12741770  12914649  12593764  12764980  12586356'
b'   12699434  12565283  12591611  12741862  12914622  12593713  12765016  12586578'
b'   12700746  12566548  12592978  12743066  12915877  12594914  12766322  12587942'
b'   12701109  12567059  12593554  12743434  12916271  12595287  12766774  12588581'
b'   12701222  12567039  12593734  12743439  12916216  12595145  12766613  12588915'
b'   12701812  12567642  12594293  12744030  12916855  12595733  12767240  12589619'
b'   12702921  12568794  12595365  12745018  12917997  12596811  12768235  12590488'
b'   12702506  12568292  12594630  12744631  12917651  12596405  12767833  12589934'
b'   12703055  12568780  12595165  12745215  12918203  12596949  12768417  12590447'
b'   12701875  12567544  12593748  12744345  12917322  12595848  12767263  12588930'
b'   12702560  12568065  12594274  12744971  12917980  12596520  12767786  12589317'
b'   12702006  12567447  12593730  12744614  12917538  12596121  12767343  12588566'
b'   12702558  12568170  12594167  12745315  12918265  12596838  12768103  12588827'
b'   12702162  12567658  12593715  12744834  12917863  12596323  12767515  12588245'
b'   12703090  12568604  12594794  12745793  12918634  12597169  12768351  12589218'
b'   12703912  12569569  12595737  12746679  12919336  12597878  12769135  12589916'
b'   12704266  12569880  12596010  12746981  12919730  12598261  12769558  12590244'
b'   12704750  12570298  12596465  12747335  12920168  12598568  12769931  12590614'
b'   12705349  12570915  12597196  12747833  12920697  12599125  12770547  12591201'
b'   12705006  12570773  12597101  12747708  12920546  12598819  12770324  12590939'
b'   12705587  12571323  12597611  12748263  12920982  12599343  12770841  12591445'
b'   12706788  12572430  12598725  12749399  12922130  12600407  12772002  12592626'
b'   12706143  12571823  12598245  12748728  12921618  12599837  12771272  12592197'
b'   12706032  12571782  12598147  12748589  12921401  12599514  12771220  12592064'
b'   12707444  12573252  12599729  12749880  12922783  12600909  12772558  12593655'
b'   12707616  12573450  12600037  12750234  12922950  12601123  12772804  12594030'
b'   12707770  12573492  12600266  12750052  12922920  12600880  12772925  12594413'
b'   12707773  12573668  12600304  12750045  12922954  12600888  12773133  12594544'
b'   12708689  12574629  12601258  12751001  12923851  12601868  12773847  12595418'
b'   12708740  12574313  12601014  12750883  12923904  12601822  12773679  12595376'
b'   12709317  12574946  12601443  12751505  12924454  12602459  12774361  12595884'
b'   12708596  12574123  12600547  12750893  12923833  12601760  12773622  12595034'
b'   12708564  12573999  12600372  12750990  12923895  12601780  12773659  12594663'
b'   12707609  12572942  12599215  12750230  12923298  12600985  12772687  12593534'
b'   12707733  12572985  12599273  12750326  12923287  12601160  12772765  12593317'
b'   12707644  12572812  12599075  12750495  12923459  12601117  12772809  12592946'
b'   12708468  12573786  12599990  12751424  12924272  12602006  12773531  12593629'
b'   12708193  12573463  12599722  12750987  12923909  12601637  12773198  12593310'
b'   12709751  12575183  12601442  12752669  12925385  12603177  12774841  12594957'
b'   12708848  12574213  12600493  12751654  12924452  12602107  12773798  12593915'
b'   12708905  12574301  12600617  12751662  12924523  12602107  12773846  12593846'
b'   12709703  12575129  12601518  12752328  12925268  12602874  12774577  12594755'
b'   12709664  12574991  12601456  12752400  12925246  12602727  12774461  12594636'
b'   12710039  12575393  12601929  12752733  12925519  12602996  12774720  12594975'
b'   12710447  12575920  12602313  12753142  12925852  12603486  12775192  12595590'
b'   12711031  12576441  12602991  12753597  12926441  12603885  12775731  12596153'
b'   12711731  12577218  12603777  12754244  12926983  12604531  12776375  12596942'
b'   12710946  12576386  12603049  12753321  12926240  12603739  12775635  12596379'
b'   12711222  12576721  12603410  12753591  12926511  12603893  12776046  12596843'
b'   12712979  12578591  12605450  12755326  12928169  12605651  12777876  12598974'
b'   12711886  12577337  12604254  12754072  12926905  12604380  12776659  12597813'
b'   12712702  12578387  12605173  12754992  12928012  12605271  12777667  12598856'
b'   12712919  12578444  12605118  12755267  12928194  12605424  12777790  12598884'
b'   12712952  12578389  12605146  12755373  12928304  12605581  12777868  12598987'
b'   12712083  12577474  12604029  12754469  12927550  12604762  12776834  12597832'
b'   12712787  12578051  12604492  12755375  12928269  12605496  12777491  12598229'
b'   12711669  12576879  12603269  12754383  12927453  12604552  12776482  12596897'
b'   12711759  12576812  12603129  12754638  12927586  12604716  12776495  12596557'
b'   12712253  12577258  12603610  12755078  12927938  12605070  12776974  12596751'
b'   12712430  12577489  12603698  12755232  12928200  12605354  12777045  12596885'
b'   12712456  12577505  12603956  12755210  12928150  12605268  12777157  12596901'
b'   12712488  12577468  12603900  12755209  12928114  12605111  12777013  12596745'
b'   12713458  12578534  12605152  12756229  12929020  12606170  12777944  12597762'
b'   12712477  12577620  12604124  12755261  12927975  12605128  12777007  12596754'
b'   12712872  12578003  12604533  12755591  12928453  12605485  12777401  12597157'
b'   12714465  12579559  12606232  12757098  12929906  12606929  12778780  12598776'
b'   12713126  12578091  12604808  12755718  12928510  12605558  12777429  12597350'
b'   12713466  12578489  12605317  12755976  12928935  12605807  12777688  12597824'
b'   12714252  12579381  12606120  12756722  12929575  12606668  12778459  12598638'
b'   12714185  12579312  12606032  12756558  12929481  12606366  12778381  12598647'
b'   12715276  12580559  12607264  12757661  12930551  12607474  12779553  12600031'
b'   12716328  12581262  12607931  12758146  12931004  12607990  12780208  12601572'
b'   12717104  12581615  12608312  12758234  12931035  12608005  12780507  12602721'
b'   12716651  12580728  12607211  12757130  12930136  12606843  12779567  12602231'
b'   12717976  12581220  12607408  12757550  12930508  12607345  12780336  12603881'
b'   12717473  12580048  12606084  12756497  12929536  12606023  12779038  12602964'
b'   12720237  12581151  12606554  12757293  12930373  12606675  12780132  12605732'
b'   12723016  12581608  12606332  12757592  12930650  12606983  12781151  12608625'
b'   12725541  12581621  12605593  12757188  12930267  12606488  12781713  12611466'
b'   12727265  12580810  12603913  12756176  12929282  12605118  12781336  12613645'
b'   12729681  12580254  12602251  12755128  12928049  12604117  12781562  12616545'
b'   12734049  12581843  12602989  12755711  12928722  12604635  12783251  12620620'
b'   12736664  12581943  12602129  12755381  12928312  12604026  12784292  12624470'
b'   12740441  12582680  12602011  12755467  12928350  12603693  12785231  12628638'
b'   12744210  12584177  12602629  12756204  12929270  12604325  12786667  12632639'
b'   12747398  12583795  12601141  12755169  12928452  12603203  12786681  12635635'
b'   12751164  12585488  12601826  12755698  12928804  12603648  12787546  12637763'
b'   12753407  12586293  12601959  12755678  12928894  12603633  12788199  12639809'
b'   12755371  12586056  12600950  12754770  12927903  12602577  12788080  12641644'
b'   12759545  12587827  12601449  12755392  12928794  12603433  12790088  12645177'
b'   12761114  12587699  12600786  12755269  12928777  12602787  12789627  12645742'
b'   12763668  12588862  12601503  12755957  12929554  12603331  12790547  12648267'
b'   12765500  12588231  12599945  12754197  12927982  12601764  12790299  12651159'
b'   12768280  12589388  12600597  12755041  12928468  12602409  12791720  12654585'
b'   12769462  12589444  12599946  12753971  12927638  12601553  12792070  12656733'
b'   12771487  12590293  12600018  12753995  12927744  12601543  12792862  12659351'
b'   12775307  12591517  12600248  12754489  12928196  12601974  12794172  12662571'
b'   12778200  12592435  12600191  12754683  12928289  12602067  12795489  12666302'
b'   12780303  12592203  12598940  12753690  12927439  12600741  12795189  12667067'
b'   12783317  12593137  12598594  12753874  12927444  12600819  12796119  12669530'
b'   12785798  12593237  12597440  12752844  12926487  12599830  12796219  12671320'
b'   12788712  12593749  12596232  12752153  12925882  12599068  12796939  12674077'
b'   12791789  12594359  12595167  12751859  12925350  12598396  12798066  12676546'
b'   12794910  12595910  12595507  12752326  12925745  12598664  12799776  12679663'
b'   12797615  12597372  12595753  12752341  12925843  12598586  12800771  12681043'
b'   12798573  12597879  12595137  12751923  12925368  12598198  12801787  12682134'
b'   12801704  12599624  12595522  12752297  12925789  12598476  12803174  12684556'
b'   12801664  12599260  12594241  12750877  12924304  12597002  12802675  12684329'
b'   12804574  12601020  12594681  12751385  12924926  12597489  12804317  12686820'
b'   12807214  12602328  12594594  12751282  12924755  12597300  12805497  12689036'
b'   12808179  12602330  12593750  12750433  12923918  12596226  12805395  12689294'
b'   12809983  12603148  12593514  12750237  12923740  12595950  12806105  12690713'
b'   12812082  12604701  12593956  12750601  12924143  12596403  12807462  12692689'
b'   12813792  12605380  12593864  12750536  12924217  12596261  12808207  12693773'
b'   12813791  12604399  12591956  12748610  12922424  12594300  12807513  12694268'
b'   12817388  12607547  12594195  12750619  12924313  12596295  12810680  12698418'
b'   12819373  12609165  12595413  12751704  12925438  12597293  12812914  12702085'
b'   12821010  12610447  12596217  12752302  12925877  12597802  12813822  12702947'
b'   12821073  12610452  12595731  12751587  12925512  12597341  12813831  12703188'
b'   12820810  12610246  12595168  12751115  12924989  12596927  12813722  12702954'
b'   12820751  12610201  12594757  12750832  12924726  12596699  12813614  12702517'
b'   12822485  12611218  12595164  12751453  12925368  12597291  12814771  12704001'
b'   12823664  12611728  12595058  12751442  12925406  12597241  12814992  12704117'
b'   12823247  12611218  12594158  12750731  12924587  12596514  12814576  12703534'
b'   12824079  12611142  12593247  12750323  12924110  12596008  12814672  12703766'
b'   12825709  12612385  12593881  12751080  12924967  12596922  12816049  12705194'
b'   12825776  12612067  12593375  12750674  12924391  12596244  12815361  12704141'
b'   12827285  12612546  12592724  12750062  12923856  12595721  12815909  12705795'
b'   12828806  12613556  12593265  12750493  12924152  12596185  12816802  12706851'
b'   12828636  12613617  12593183  12750324  12923986  12595847  12816973  12706944'
b'   12829700  12614234  12593838  12750765  12924477  12596308  12817137  12706823'
b'   12829185  12614111  12593830  12750732  12924314  12596202  12817396  12707092'
b'   12831298  12615382  12594200  12750809  12924524  12596413  12818289  12708620'
b'   12832655  12615427  12593467  12750334  12923915  12595635  12818447  12709540'
b'   12833801  12616185  12593923  12750553  12924096  12595921  12819444  12711303'
b'   12836091  12617454  12594220  12750831  12924375  12596116  12820353  12712829'
b'   12836359  12617766  12594516  12750961  12924461  12596210  12820680  12713049'
b'   12835114  12616786  12593633  12749919  12923554  12595426  12819430  12711473'
b'   12836457  12618189  12594831  12750942  12924505  12596375  12820991  12713356'
b'   12836197  12618028  12594797  12750452  12923917  12595960  12820705  12712770'
b'   12836220  12618989  12596211  12751386  12925083  12597109  12821951  12713584'
b'   12835336  12618798  12596198  12751240  12924803  12596923  12821610  12713136'
b'   12836201  12618852  12595732  12750749  12924444  12596506  12821178  12713111'
b'   12837782  12619987  12596581  12751627  12925280  12597267  12822599  12715246'
b'   12837039  12619553  12596107  12751379  12924892  12597126  12822118  12714027'
b'   12837606  12620124  12596415  12751759  12925425  12597683  12822697  12714630'
b'   12836299  12619172  12595616  12751362  12924895  12597246  12822040  12712811'
b'   12834595  12618835  12595716  12751541  12925090  12597609  12821759  12711171'
b'   12832221  12617853  12595634  12751700  12925323  12597783  12821474  12710287'
b'   12831216  12618428  12596602  12752465  12925825  12598705  12821276  12708224'
b'   12829271  12617821  12597090  12752834  12926156  12599034  12821285  12707406'
b'   12826547  12616725  12597066  12752537  12925774  12599010  12820174  12704640'
b'   12822877  12615390  12597352  12752497  12925580  12598822  12818792  12701642'
b'   12820855  12615212  12598385  12753134  12926071  12599542  12818016  12698438'
b'   12820643  12615863  12599519  12754150  12927061  12600620  12818131  12697554'
b'   12819648  12615358  12599265  12753650  12926607  12600320  12818001  12697087'
b'   12818349  12615427  12600115  12754432  12927429  12601226  12818208  12696773'
b'   12817176  12615634  12601053  12755187  12928144  12602236  12818692  12696395'
b'   12813420  12614987  12602218  12755742  12928731  12602986  12817645  12692727'
b'   12809930  12614614  12603396  12756277  12929155  12603675  12816310  12688396'
b'   12804286  12612839  12603981  12756274  12929016  12604076  12814265  12682544'
b'   12800048  12612460  12605716  12757409  12930223  12605490  12814061  12680095'
b'   12794172  12610854  12606091  12757069  12929960  12605927  12812407  12674986'
b'   12790588  12609206  12605693  12756337  12929538  12605450  12811502  12673859'
b'   12787540  12609124  12607134  12757549  12930515  12606795  12811203  12670807'
b'   12784310  12609052  12608362  12758487  12931797  12608417  12811131  12668727'
b'   12781439  12608448  12609090  12759126  12932504  12609168  12810494  12665319'
b'   12777337  12607305  12609118  12758991  12932231  12609293  12808999  12661160'
b'   12770255  12605461  12610062  12759650  12932747  12610268  12806872  12653592'
b'   12767840  12605496  12611391  12760978  12933985  12611703  12806397  12650234'
b'   12762601  12603404  12610665  12760128  12932960  12611200  12804277  12644624'
b'   12759945  12603539  12611682  12760945  12933824  12612310  12804108  12641462'
b'   12759024  12604229  12612619  12761780  12934628  12613139  12804345  12639746'
b'   12756608  12604497  12613871  12762843  12935728  12614346  12804312  12637438'
b'   12753161  12603470  12614543  12763262  12936051  12614679  12802952  12633723'
b'   12750719  12603121  12615517  12764057  12936879  12615542  12802237  12631246'
b'   12747453  12601417  12615375  12763884  12936730  12615258  12800539  12627962'
b'   12745698  12601034  12616198  12764532  12937276  12615892  12799941  12626201'
b'   12743162  12599761  12616312  12764566  12937353  12616035  12798706  12623729'
b'   12742597  12599881  12617263  12765614  12938350  12617068  12798769  12623320'
b'   12742311  12600108  12617994  12766066  12938849  12617553  12798841  12623294'
b'   12742328  12600312  12618576  12766616  12939381  12618143  12798977  12623260'
b'   12742640  12600891  12619391  12767437  12940183  12618883  12799657  12623811'
b'   12740528  12598811  12617745  12765706  12938715  12617151  12797492  12621796'
b'   12742086  12600873  12619473  12767115  12939969  12618848  12798910  12623121'
b'   12741352  12599968  12619505  12766988  12939882  12618285  12798187  12623196'
b'   12740472  12599238  12618963  12766563  12939409  12617733  12797438  12622472'
b'   12740608  12599353  12619291  12766807  12939839  12618087  12797556  12622703'
b'   12740471  12599096  12619060  12766962  12940055  12618216  12797516  12622499'
b'   12740296  12598891  12619033  12767110  12940106  12618219  12797273  12622273'
b'   12739461  12597964  12618253  12766564  12939623  12617593  12796436  12621228'
b'   12740075  12598597  12618728  12767545  12940529  12618584  12797141  12621672'
b'   12738070  12596575  12616771  12765893  12938844  12616762  12795195  12619339'
b'   12738305  12596726  12616895  12766513  12939410  12617286  12795415  12619056'
b'   12738218  12596596  12617006  12766562  12939455  12617258  12795396  12618845'
b'   12737543  12595980  12616473  12766059  12938932  12616789  12794660  12618045'
b'   12738408  12596962  12617632  12767011  12939870  12617611  12795435  12618834'
b'   12738648  12597223  12618035  12767495  12940050  12617957  12795647  12619114'
b'   12738168  12596842  12617770  12767127  12939919  12617631  12795183  12618627'
b'   12737499  12596378  12617378  12766710  12939306  12617000  12794487  12618004'
b'   12737021  12595708  12617013  12766370  12939009  12616542  12793974  12617516'
b'   12738228  12597015  12618298  12767592  12940212  12617722  12795165  12618707'
b'   12738080  12596868  12618233  12767435  12940117  12617723  12794998  12618635'
b'   12738414  12597127  12618600  12767821  12940553  12617977  12795150  12618944'
b'   12737149  12595901  12617523  12766574  12939355  12616812  12793974  12617917'
b'   12737938  12596523  12618191  12767309  12940087  12617461  12794630  12618762'
b'   12738977  12597604  12619310  12768413  12941112  12618522  12795616  12619872'
b'   12738823  12597266  12619340  12768060  12940964  12618259  12795402  12620200'
b'   12738084  12596648  12618599  12767412  12940299  12617599  12794664  12619649'
b'   12738587  12597168  12619150  12768024  12940906  12618181  12795365  12620412'
b'   12738319  12597011  12619052  12768154  12941029  12618253  12795366  12620173'
b'   12737914  12596663  12618772  12767858  12940807  12617920  12794978  12619809'
b'   12737563  12596362  12618518  12768047  12940742  12617803  12794992  12619330'
b'   12737554  12596405  12618593  12768112  12940919  12617934  12795046  12619167'
b'   12736769  12595758  12617907  12767635  12940311  12617300  12794238  12618294'
b'   12736282  12595219  12617380  12767471  12940145  12616981  12793743  12617157'
b'   12735435  12594550  12616721  12766902  12939511  12616368  12793040  12616052'
b'   12736007  12595067  12617288  12767541  12940059  12616978  12793804  12616415'
b'   12735913  12594920  12617259  12767462  12940023  12616845  12793769  12616280'
