b'   12898514  12721947  12703429  12879401  13040936  12692423  12911696  12790242'
b'   12898237  12721890  12703184  12879195  13040824  12692239  12911533  12790061'
b'   12899148  12722831  12704353  12880071  13041850  12693258  12912526  12791058'
b'   12898977  12722754  12704144  12880017  13041678  12693038  12912424  12790940'
b'   12900021  12723866  12705313  12880862  13042741  12694217  12913438  12791981'
b'   12899201  12723015  12704628  12880199  13042239  12693463  12912677  12791211'
b'   12900260  12724200  12705857  12881209  13043315  12694566  12914040  12792296'
b'   12900647  12724899  12706650  12881681  13044171  12695333  12914831  12792959'
b'   12900761  12725081  12706927  12881862  13044670  12695647  12915120  12793289'
b'   12900990  12725274  12707046  12882051  13045055  12695807  12915172  12793429'
b'   12900683  12724760  12706290  12881601  13044455  12695238  12914422  12792954'
b'   12901671  12725476  12707071  12882505  13045140  12696021  12915133  12793915'
b'   12901319  12724934  12706523  12882205  13044709  12695521  12914700  12793422'
b'   12901190  12724751  12706277  12882086  13044509  12695305  12914595  12793247'
b'   12900906  12724256  12705779  12881727  13044090  12694891  12914136  12792667'
b'   12901169  12724249  12705596  12881961  13044142  12694885  12914107  12792625'
b'   12900822  12723932  12705249  12881740  13043934  12694537  12913766  12792257'
b'   12902748  12725831  12707165  12883496  13045546  12696308  12915587  12794168'
b'   12902149  12725405  12706725  12882893  13045073  12695876  12915060  12793600'
b'   12902657  12725873  12707309  12883513  13045638  12696333  12915564  12794084'
b'   12902349  12725653  12707017  12883263  13045350  12696093  12915388  12793869'
b'   12902708  12726019  12707395  12883454  13045689  12696408  12915741  12794065'
b'   12903267  12726659  12708204  12884197  13046240  12697020  12916392  12794806'
b'   12903460  12727006  12708467  12884372  13046567  12697340  12916703  12795074'
b'   12902730  12726234  12707763  12883648  13045901  12696578  12916015  12794363'
b'   12902973  12726569  12708042  12883886  13046201  12696925  12916202  12794566'
b'   12903550  12727377  12708901  12884494  13046937  12697533  12916885  12795226'
b'   12903102  12726965  12708600  12884170  13046571  12697110  12916583  12794847'
b'   12904221  12728308  12709942  12885368  13047797  12698428  12917882  12796105'
b'   12903965  12728175  12709910  12885129  13047816  12698314  12917719  12795975'
b'   12904791  12729013  12710674  12885934  13048625  12699119  12918523  12796839'
b'   12904591  12728542  12710411  12885602  13048301  12698689  12918135  12796525'
b'   12904801  12728638  12710242  12885770  13048545  12698715  12918027  12796705'
b'   12905440  12729165  12710784  12886408  13049093  12699410  12918682  12797157'
b'   12905074  12728482  12710094  12885899  13048549  12698780  12917902  12796603'
b'   12905994  12729129  12710629  12886811  13049157  12699571  12918756  12797455'
b'   12904809  12727737  12709135  12885653  13047891  12698160  12917390  12795973'
b'   12905465  12728176  12709573  12886165  13048347  12698587  12917776  12796554'
b'   12905196  12727900  12709468  12885963  13048083  12698401  12917549  12796139'
b'   12905919  12728861  12710117  12886814  13048781  12699061  12918328  12796934'
b'   12905613  12728713  12710125  12886553  13048661  12698863  12918200  12796776'
b'   12906065  12729129  12710599  12887001  13049054  12699445  12918639  12797186'
b'   12906693  12729671  12711357  12887528  13049632  12699996  12919277  12797678'
b'   12906794  12730033  12711546  12887872  13049822  12700302  12919550  12798005'
b'   12907282  12730687  12712184  12888296  13050368  12700803  12920009  12798490'
b'   12907241  12730593  12712248  12888235  13050456  12700750  12919995  12798456'
b'   12907514  12731005  12712603  12888626  13050797  12701109  12920363  12798803'
b'   12907278  12730752  12712348  12888357  13050587  12700936  12920115  12798630'
b'   12907303  12730861  12712394  12888392  13050666  12700885  12920142  12798658'
b'   12907130  12730815  12712552  12888378  13050698  12700875  12920138  12798651'
b'   12907560  12731351  12713103  12888820  13051290  12701295  12920802  12799141'
b'   12908157  12732120  12713933  12889454  13051876  12702074  12921514  12799852'
b'   12907584  12731459  12713266  12888653  13051502  12701505  12920691  12799232'
b'   12907912  12731692  12713552  12889114  13051800  12701822  12920983  12799540'
b'   12907944  12731421  12713165  12889023  13051703  12701601  12920785  12799480'
b'   12908454  12731787  12713641  12889486  13052112  12701981  12921094  12799818'
b'   12908857  12732112  12713744  12889779  13052430  12702214  12921461  12800156'
b'   12908191  12730983  12712629  12889172  13051520  12701453  12920541  12799418'
b'   12907754  12730402  12711972  12888686  13050988  12700709  12919838  12798726'
b'   12908925  12731457  12712976  12889862  13051771  12701794  12920810  12799754'
b'   12908168  12730716  12712176  12889095  13051104  12700990  12920074  12798801'
b'   12908006  12730635  12712177  12888899  13050838  12700800  12919937  12798746'
b'   12908498  12731229  12712735  12889431  13051360  12701376  12920536  12799173'
b'   12908228  12730997  12712527  12889174  13051199  12701074  12920236  12798817'
b'   12908780  12731820  12713351  12889801  13051684  12701659  12920787  12799375'
b'   12908961  12732521  12714227  12890119  13051945  12702220  12921113  12799697'
b'   12909345  12732865  12714531  12890505  13052414  12702532  12921566  12800095'
b'   12909575  12733576  12715297  12890765  13052555  12702822  12921873  12800231'
b'   12910652  12735340  12717069  12891678  13053427  12703964  12923077  12801113'
b'   12910268  12736106  12717847  12891311  13053074  12703884  12923062  12800592'
b'   12911023  12738442  12720035  12892078  13053832  12705167  12924604  12801340'
b'   12910586  12741735  12722914  12891560  13053215  12705949  12925785  12800742'
b'   12911675  12746608  12727207  12892441  13054051  12708577  12929105  12801758'
b'   12912000  12750166  12730019  12892653  13054427  12710643  12931920  12802271'
b'   12913631  12756102  12734713  12893989  13055926  12714897  12937388  12804246'
b'   12913699  12760901  12738193  12893454  13055360  12717307  12941245  12804045'
b'   12914983  12767665  12743280  12893941  13055842  12720964  12946548  12804950'
b'   12915142  12772841  12747171  12894000  13055408  12724440  12951531  12805067'
b'   12916375  12779127  12751754  12894880  13056290  12728886  12957964  12806532'
b'   12916683  12784263  12755665  12894390  13056072  12732549  12963379  12806686'
b'   12916798  12789884  12759783  12894460  13056036  12736808  12969223  12806444'
b'   12918021  12794672  12763314  12895377  13056699  12739793  12973611  12807480'
b'   12919298  12800451  12768229  12896472  13057605  12744195  12979290  12808686'
b'   12919647  12804905  12771464  12896631  13057747  12747593  12984459  12809204'
b'   12919994  12808375  12774294  12896846  13057896  12750605  12988891  12809502'
b'   12920387  12812066  12776972  12897187  13058670  12754519  12994574  12810399'
b'   12921033  12816192  12779837  12897613  13058859  12756329  12997389  12810879'
b'   12921697  12822334  12783974  12897702  13059004  12759816  13003104  12811270'
b'   12924155  12830099  12788918  12899097  13060183  12763260  13008054  12812714'
b'   12925330  12836212  12793734  12899770  13060741  12766440  13012874  12813455'
b'   12925627  12840773  12798330  12899991  13060889  12770640  13018316  12814027'
b'   12926459  12845826  12802546  12901216  13062534  12775662  13024788  12815477'
b'   12926644  12849526  12806237  12902168  13063982  12779644  13029325  12816282'
b'   12927328  12852706  12809197  12903005  13065293  12782485  13032457  12817122'
b'   12928525  12857313  12813930  12905005  13067846  12787815  13038162  12818807'
b'   12928982  12860918  12817190  12905906  13069447  12790219  13040423  12819103'
b'   12930308  12864976  12820783  12907250  13071350  12793450  13044107  12820337'
b'   12930727  12867818  12822104  12907622  13072192  12795199  13046922  12820613'
b'   12930870  12868479  12822611  12907765  13072631  12796216  13048224  12820791'
b'   12931892  12869799  12823448  12908850  13073686  12796693  13048625  12821695'
b'   12932378  12870390  12823572  12909103  13073475  12795642  13047149  12821534'
b'   12932441  12867560  12821034  12908768  13072241  12792193  13042801  12820686'
b'   12932387  12861266  12815640  12908298  13071286  12787331  13036825  12821038'
b'   12932340  12855282  12810344  12907484  13069954  12782217  13030443  12820849'
b'   12931131  12847931  12805686  12906695  13068683  12778137  13024148  12819953'
b'   12930136  12840031  12800844  12906783  13069031  12774705  13017792  12819853'
b'   12930096  12835807  12798881  12907819  13069888  12773352  13014074  12820186'
b'   12929565  12830627  12795373  12907668  13069521  12769914  13008854  12819640'
b'   12929199  12823095  12790556  12908030  13069857  12766320  13002395  12819891'
b'   12929291  12816773  12786294  12908895  13070835  12763498  12997554  12820677'
b'   12928506  12810329  12782070  12908694  13070645  12760265  12992264  12820366'
b'   12927806  12802667  12776753  12908674  13070471  12755316  12984608  12819913'
b'   12927547  12798080  12773568  12908653  13070749  12753403  12981465  12819959'
b'   12926717  12793433  12770250  12908198  13070406  12750143  12976784  12819233'
b'   12926934  12787756  12766501  12908807  13071026  12746440  12970919  12819433'
b'   12926653  12783626  12763539  12908830  13071459  12744101  12967480  12819490'
b'   12926340  12778702  12759723  12908637  13071473  12741020  12963189  12819119'
b'   12926004  12774745  12756546  12908638  13072219  12739107  12960286  12819342'
b'   12925974  12771684  12754169  12908658  13072521  12737673  12958091  12819197'
b'   12925239  12767864  12750660  12907973  13072386  12735400  12955276  12818511'
b'   12925984  12766092  12749113  12908956  13073512  12734805  12954192  12819250'
b'   12924832  12759815  12742515  12907567  13072233  12730742  12949635  12817953'
b'   12925195  12757272  12739447  12907381  13071954  12729044  12948001  12818019'
b'   12925760  12756822  12738778  12907789  13071950  12728607  12947421  12818411'
b'   12924260  12754417  12736266  12906131  13069835  12726152  12944910  12816388'
b'   12924833  12754714  12736387  12906734  13069725  12726037  12944980  12816695'
b'   12924015  12753545  12735317  12905826  13068448  12724626  12943894  12815748'
b'   12924591  12753908  12735574  12906393  13069030  12725041  12944326  12816304'
b'   12924452  12753710  12735511  12906359  13068836  12724739  12943836  12816108'
b'   12923882  12753018  12734752  12905767  13068244  12723732  12943037  12815450'
b'   12925160  12754221  12735835  12906943  13069323  12725049  12944429  12816891'
b'   12924288  12753401  12735055  12906038  13068562  12723842  12942926  12815937'
b'   12924951  12753996  12735608  12906619  13069220  12724416  12943390  12816480'
b'   12923923  12752772  12734472  12905590  13068258  12723147  12942147  12815331'
b'   12925225  12754304  12736035  12907059  13069626  12724670  12943487  12816890'
b'   12924574  12753625  12735201  12906329  13069126  12723899  12942781  12816234'
b'   12924083  12753197  12734578  12905648  13068597  12723169  12942149  12815599'
b'   12924795  12754078  12735662  12906523  13069532  12724044  12943075  12816590'
b'   12923731  12753162  12734695  12905373  13068696  12722908  12942030  12815781'
b'   12924474  12753919  12735500  12906137  13069605  12723719  12942810  12816473'
b'   12924070  12753382  12734852  12905580  13069163  12723106  12942228  12816068'
b'   12924600  12753656  12735171  12905968  13069544  12723470  12942539  12816589'
b'   12924219  12753130  12734479  12905583  13069037  12722863  12941936  12816041'
b'   12924367  12753096  12734192  12905742  13068903  12722837  12941751  12815925'
b'   12924998  12753464  12734608  12906162  13069218  12723020  12941969  12816282'
b'   12925547  12753824  12734849  12906575  13069426  12723357  12942305  12816553'
b'   12923317  12751353  12732300  12904480  13066887  12720666  12939737  12813918'
b'   12924257  12752284  12733255  12905316  13067563  12721484  12940514  12814732'
b'   12924163  12752338  12733325  12905340  13067563  12721464  12940555  12814557'
b'   12924024  12752305  12733227  12905171  13067132  12721145  12940164  12814262'
b'   12924094  12752540  12733505  12905277  13067259  12721255  12940384  12814379'
b'   12923674  12751986  12733121  12904864  13066839  12720739  12939798  12813878'
b'   12924040  12752456  12733471  12905109  13067218  12721218  12940267  12814159'
b'   12924092  12752667  12733853  12905324  13067360  12721270  12940404  12814305'
b'   12924146  12752956  12733960  12905294  13067470  12721456  12940586  12814459'
b'   12923989  12752797  12733888  12905124  13067367  12721197  12940434  12814207'
b'   12923969  12752958  12734205  12905313  13067469  12721362  12940565  12814429'
b'   12924508  12753686  12734883  12905802  13068216  12722078  12941265  12815116'
b'   12924834  12754143  12735394  12906214  13068628  12722482  12941724  12815543'
b'   12924616  12753968  12735352  12905967  13068516  12722396  12941490  12815399'
b'   12924503  12754181  12735523  12905886  13068863  12722325  12941699  12815635'
b'   12925422  12755023  12736361  12906756  13069727  12723274  12942616  12816567'
b'   12924637  12754114  12735464  12905660  13068920  12722350  12941716  12815721'
b'   12925118  12754392  12735569  12906277  13069312  12722735  12941951  12816107'
b'   12925072  12754234  12735320  12906165  13069155  12722618  12941974  12816086'
b'   12924971  12754049  12734977  12906129  13068968  12722351  12941686  12815838'
b'   12925334  12754066  12734995  12906220  13068892  12722355  12941582  12815972'
b'   12924377  12753002  12733758  12905322  13067732  12721248  12940410  12814665'
b'   12924490  12752941  12733785  12905353  13067607  12721025  12940185  12814528'
b'   12924254  12752741  12733593  12905210  13067161  12720733  12939826  12814070'
b'   12923923  12752497  12733300  12904905  13066742  12720331  12939599  12813634'
b'   12924502  12753041  12733817  12905319  13067157  12720770  12940053  12814074'
b'   12923507  12752294  12733095  12904527  13066168  12719907  12939210  12813107'
b'   12924406  12753283  12734102  12905458  13067176  12720844  12940282  12814074'
b'   12925480  12754569  12735368  12906578  13068202  12721983  12941391  12815275'
b'   12924606  12753708  12734619  12905689  13067444  12721133  12940567  12814411'
b'   12923910  12753042  12733965  12905073  13066681  12720529  12940043  12813678'
b'   12925098  12754349  12735190  12906148  13067890  12721552  12941085  12814851'
b'   12924622  12753846  12734861  12905594  13067528  12721261  12940687  12814462'
b'   12924234  12753666  12734529  12905263  13067245  12720997  12940346  12814124'
b'   12925253  12754834  12735720  12906399  13068399  12722151  12941726  12815345'
b'   12924850  12754515  12735616  12905837  13068217  12721945  12941385  12815103'
b'   12924373  12754297  12735383  12905550  13068038  12721705  12941086  12814871'
b'   12924910  12754828  12736004  12906106  13068722  12722167  12941735  12815489'
b'   12924890  12754809  12735837  12905887  13068731  12722194  12941684  12815523'
b'   12924910  12754541  12735613  12905868  13068693  12722070  12941496  12815384'
b'   12924985  12754478  12735407  12905822  13068723  12722016  12941311  12815398'
b'   12924414  12753710  12734588  12905210  13068119  12721369  12940544  12814666'
b'   12925162  12754389  12735152  12905882  13068604  12721911  12941161  12815262'
b'   12924284  12753027  12733651  12904844  13067218  12720512  12939669  12813747'
b'   12924383  12752964  12733696  12904995  13067043  12720395  12939587  12813693'
