b'   12433500  12326702  12371958  12530194  12688941  12373835  12505459  12346580'
b'   12475458  12365155  12408731  12570088  12728582  12409644  12545854  12386788'
b'   12556546  12441687  12481886  12647165  12806786  12479846  12627382  12463028'
b'   12589341  12472427  12510721  12677658  12837766  12507909  12660404  12492873'
b'   12609508  12491325  12528585  12696457  12856860  12525542  12680678  12511397'
b'   12622239  12503092  12539498  12708130  12868791  12536509  12693208  12522733'
b'   12632167  12512195  12548118  12717235  12878110  12545173  12702981  12531525'
b'   12640455  12520003  12555525  12725027  12886276  12552637  12711196  12539001'
b'   12647701  12526829  12562083  12731767  12893303  12559162  12718121  12545508'
b'   12653673  12532354  12567514  12737311  12899215  12564673  12724071  12550833'
b'   12659014  12537478  12572494  12742342  12904750  12569791  12729535  12555783'
b'   12663153  12541078  12575855  12746072  12908623  12573184  12733133  12559288'
b'   12666378  12544014  12578433  12748898  12911713  12575931  12736100  12562079'
b'   12670901  12548041  12582183  12752928  12915840  12579892  12740204  12566118'
b'   12674620  12551112  12585030  12756037  12918903  12582790  12743260  12569191'
b'   12677120  12553095  12586817  12758231  12921041  12584732  12745436  12571253'
b'   12681110  12556742  12590197  12761847  12924547  12588098  12748925  12574830'
b'   12683151  12558098  12591339  12763465  12925713  12589317  12750310  12576286'
b'   12685559  12560247  12593292  12765524  12927647  12591187  12752334  12578320'
b'   12686764  12561178  12594259  12766587  12928707  12591971  12753361  12579153'
b'   12689856  12564189  12597228  12769470  12931470  12594895  12756395  12581986'
b'   12692058  12566461  12599496  12771601  12933767  12596876  12758413  12583954'
b'   12694250  12568505  12601387  12773644  12935703  12598827  12760487  12585908'
b'   12696923  12571156  12604014  12776110  12938411  12601387  12763092  12588373'
b'   12697691  12571725  12604661  12776761  12939060  12601889  12763559  12588756'
b'   12700007  12574056  12606976  12778982  12941391  12604009  12765992  12590848'
b'   12701537  12575473  12608410  12780344  12942873  12605397  12767398  12592250'
b'   12702197  12576019  12608996  12780999  12943593  12605879  12767854  12592674'
b'   12704248  12578124  12610999  12782968  12945605  12607798  12770034  12594530'
b'   12705426  12579205  12612232  12784128  12946828  12608899  12771183  12595470'
b'   12706658  12580451  12613479  12785278  12948335  12610128  12772235  12596660'
b'   12708195  12582256  12615365  12786843  12950155  12611693  12773828  12598050'
b'   12709640  12583652  12616807  12788186  12951701  12613022  12775255  12599340'
b'   12711329  12585263  12618415  12789754  12953440  12614597  12776822  12600876'
b'   12711502  12585163  12618039  12789673  12953466  12614440  12776639  12600819'
b'   12712890  12586366  12619278  12790944  12954713  12615514  12777752  12601933'
b'   12715162  12588360  12621087  12793101  12956597  12617547  12779634  12604014'
b'   12716087  12589118  12621684  12793817  12957355  12618199  12780368  12604732'
b'   12716774  12589450  12622063  12794267  12957843  12618557  12780735  12605081'
b'   12718348  12590721  12623086  12795653  12958743  12619493  12781820  12606405'
b'   12719111  12591315  12623513  12796306  12959367  12620018  12782370  12606857'
b'   12719370  12591388  12623646  12796420  12959268  12619929  12782454  12606840'
b'   12721025  12593279  12625547  12798119  12960808  12621471  12784164  12608491'
b'   12720525  12592759  12625139  12797575  12960456  12621031  12783826  12607801'
b'   12722208  12594460  12626769  12799159  12961995  12622658  12785537  12609473'
b'   12722592  12594934  12627216  12799537  12962334  12622885  12785819  12609834'
b'   12724295  12596627  12628989  12801203  12964039  12624585  12787408  12611324'
b'   12725376  12597828  12630229  12802304  12965123  12625615  12788625  12612390'
b'   12725196  12597556  12630006  12802116  12964916  12625322  12788364  12612105'
b'   12725405  12597826  12630324  12802251  12965572  12625554  12788779  12612210'
b'   12727100  12599639  12632197  12804015  12967311  12627443  12790638  12613996'
b'   12727470  12600120  12632668  12804407  12967888  12627877  12791106  12614405'
b'   12728691  12601451  12633884  12805670  12969070  12629021  12792322  12615612'
b'   12728980  12601877  12634566  12805930  12969575  12629497  12793033  12616054'
b'   12729632  12602657  12635392  12806647  12970313  12630141  12793667  12616770'
b'   12730329  12603250  12636039  12807284  12970979  12630716  12794278  12617397'
b'   12730124  12602879  12635530  12806945  12970654  12630414  12793744  12617008'
b'   12730468  12603092  12635840  12807309  12971089  12630604  12793962  12617166'
b'   12731878  12604205  12636797  12808516  12972269  12631746  12794988  12618155'
b'   12732028  12604199  12636758  12808804  12972464  12631629  12795028  12618166'
b'   12731882  12603834  12636234  12808421  12972184  12631227  12794528  12617711'
b'   12733419  12604954  12637291  12809720  12973218  12632259  12795283  12618725'
b'   12733538  12604989  12637175  12809816  12973087  12632107  12795142  12618638'
b'   12735328  12606969  12639216  12811583  12974811  12633950  12797061  12620321'
b'   12734688  12606343  12638604  12811106  12974407  12633332  12796491  12619580'
b'   12734408  12606095  12638467  12811026  12974413  12633246  12796399  12619327'
b'   12736757  12608695  12641040  12813225  12976496  12635573  12798793  12621625'
b'   12737161  12609133  12641540  12813639  12976520  12635726  12799291  12622039'
b'   12738304  12610045  12642403  12814496  12977723  12636741  12800325  12623054'
b'   12738052  12609821  12642255  12814196  12977290  12636368  12800189  12622862'
b'   12738453  12610308  12642746  12814689  12977731  12636697  12800794  12623251'
b'   12738764  12610677  12643040  12814965  12978099  12636917  12801020  12623496'
b'   12739842  12611627  12644168  12815821  12979065  12637984  12802026  12624492'
b'   12739493  12611456  12644014  12815795  12979162  12637785  12801928  12624323'
b'   12740478  12612477  12645193  12816661  12980226  12638871  12803087  12625388'
b'   12741062  12613512  12646264  12817462  12981400  12640018  12804209  12626558'
b'   12741638  12614142  12646874  12818074  12982243  12640725  12804829  12627222'
b'   12741623  12613983  12646765  12817880  12982649  12640587  12804594  12627107'
b'   12742513  12614685  12647407  12818797  12983560  12641505  12805177  12627860'
b'   12742920  12615002  12647698  12819121  12983905  12641726  12805379  12628152'
b'   12741909  12613616  12646109  12817939  12982705  12640356  12803942  12626557'
b'   12743452  12614913  12647367  12819329  12983935  12641561  12805098  12627732'
b'   12743447  12614892  12647350  12819460  12983889  12641464  12804827  12627471'
b'   12742146  12613241  12645604  12818076  12982026  12639499  12802872  12625549'
b'   12743628  12614779  12647088  12819623  12983226  12640874  12804169  12626809'
b'   12742869  12614038  12646380  12818865  12982208  12639830  12803347  12625908'
b'   12744643  12616055  12648323  12820760  12983785  12641831  12805368  12627828'
b'   12744406  12615946  12648380  12820460  12983612  12641567  12805326  12627686'
b'   12744965  12616344  12648874  12821030  12983983  12642062  12805821  12628134'
b'   12744866  12616421  12648965  12821028  12983983  12642153  12805878  12628296'
b'   12745765  12617405  12649955  12821933  12984983  12643041  12806853  12629194'
b'   12746101  12617817  12650299  12822235  12985173  12643333  12807193  12629434'
b'   12745924  12617793  12650372  12822275  12985346  12643380  12807160  12629473'
b'   12747618  12619418  12652034  12823801  12986975  12645064  12808741  12631104'
b'   12747014  12618794  12651336  12823153  12986341  12644288  12808190  12630499'
b'   12747333  12619145  12651764  12823436  12986963  12644874  12808723  12631077'
b'   12747458  12619422  12652090  12823763  12987411  12645075  12809166  12631246'
b'   12748476  12620706  12653447  12824947  12988970  12646629  12810923  12632648'
b'   12748387  12620752  12653700  12824835  12989523  12646899  12811354  12633030'
b'   12749649  12622062  12654920  12825979  12990861  12648176  12812533  12634314'
b'   12749338  12621460  12654239  12825624  12990689  12647613  12811878  12633776'
b'   12750256  12622241  12655094  12826495  12991488  12648479  12812610  12634622'
b'   12750135  12621935  12654730  12826355  12991228  12648184  12812187  12634271'
b'   12750041  12621621  12654297  12826288  12991023  12647779  12811680  12633665'
b'   12749479  12620871  12653475  12825529  12990139  12646856  12810808  12632651'
b'   12749965  12621237  12653792  12826059  12990325  12647016  12811046  12632774'
b'   12750726  12621928  12654503  12826852  12990558  12647413  12811505  12633189'
b'   12750345  12621765  12654247  12826557  12990007  12646951  12811034  12632731'
b'   12749774  12621125  12653795  12825947  12989415  12646394  12810614  12632071'
b'   12750950  12622526  12655084  12827211  12990370  12647650  12811910  12633182'
b'   12751467  12623096  12655678  12827699  12990831  12648132  12812394  12633757'
b'   12750831  12622444  12655091  12827151  12990191  12647387  12811828  12633135'
b'   12751759  12623430  12656176  12828134  12991161  12648536  12812903  12634198'
b'   12751284  12622914  12655554  12827615  12990605  12647935  12812439  12633665'
b'   12751586  12623243  12655939  12827838  12990854  12648099  12812767  12633906'
b'   12751676  12623345  12656122  12827896  12991082  12648311  12812900  12634081'
b'   12752548  12624347  12656969  12828694  12992083  12649236  12813761  12635230'
b'   12752187  12623912  12656690  12828375  12991925  12649029  12813505  12634879'
b'   12752323  12624170  12657048  12828660  12992363  12649414  12813797  12635338'
b'   12753427  12625362  12658326  12829661  12993683  12650706  12815187  12636702'
b'   12753821  12625980  12659032  12830168  12994861  12651620  12816119  12637671'
b'   12754593  12626786  12659669  12830865  12995868  12652477  12816981  12638476'
b'   12753775  12625785  12658471  12829919  12995143  12651508  12815897  12637569'
b'   12754560  12626212  12658767  12830322  12996035  12652131  12816492  12638299'
b'   12754453  12625965  12658493  12830033  12995783  12651906  12816089  12638006'
b'   12754482  12625692  12658171  12829841  12995614  12651526  12815723  12637553'
b'   12755157  12626113  12658402  12830599  12995893  12651911  12815988  12637770'
b'   12755435  12626288  12658516  12830936  12995749  12651798  12815776  12637609'
b'   12754448  12625127  12657580  12829994  12994021  12650285  12814099  12635955'
b'   12755173  12625987  12658272  12830593  12994534  12650946  12814950  12636691'
b'   12755779  12626805  12659417  12831512  12995006  12651637  12815717  12637355'
b'   12755844  12627025  12659542  12831555  12994993  12651706  12815908  12637431'
b'   12756542  12627772  12660362  12832270  12995612  12652440  12816597  12638150'
b'   12755994  12627237  12659850  12831756  12995044  12651749  12816038  12637658'
b'   12755415  12626665  12659293  12831205  12994532  12651200  12815557  12637012'
b'   12756756  12628188  12660785  12832494  12995843  12652728  12817044  12638555'
b'   12756676  12628159  12660774  12832612  12995901  12652756  12816992  12638412'
b'   12756430  12627860  12660514  12832440  12995845  12652491  12816855  12638304'
b'   12756327  12627824  12660442  12832432  12995907  12652501  12816926  12638277'
b'   12757172  12628709  12661360  12833228  12996812  12653432  12817856  12639179'
b'   12757283  12629034  12661740  12833335  12997283  12653824  12818279  12639749'
b'   12756149  12627889  12660888  12832310  12996594  12652989  12817386  12638844'
b'   12757114  12629201  12661990  12833293  12998259  12654532  12818891  12640342'
b'   12756605  12628531  12661571  12832774  12998083  12654113  12818528  12639911'
b'   12756781  12628656  12661549  12832871  12998396  12654166  12818525  12640036'
b'   12757867  12629458  12662376  12833802  12999322  12654974  12819196  12640829'
b'   12758456  12629925  12662788  12834497  12999843  12655494  12819664  12641285'
b'   12758613  12630073  12663003  12834737  12999978  12655621  12819533  12641347'
b'   12758660  12629756  12662466  12834645  12999433  12654915  12818898  12640581'
b'   12757802  12628677  12661287  12833749  12998197  12653799  12817539  12639338'
b'   12758560  12629474  12662041  12834548  12998594  12654295  12818100  12639902'
b'   12759296  12630287  12662909  12835275  12998769  12654792  12818605  12640375'
b'   12758929  12629891  12662568  12835162  12998321  12654380  12818386  12640000'
b'   12758790  12629806  12662533  12835592  12998226  12654135  12818319  12639863'
b'   12758417  12629402  12662364  12836254  12998026  12653608  12818040  12639636'
b'   12760612  12631306  12663050  12837991  12998910  12654067  12818796  12640364'
b'   12759866  12630766  12663721  12840228  12999636  12654250  12819470  12640843'
b'   12758301  12628763  12662133  12841424  12999040  12652625  12817887  12639694'
b'   12758591  12628927  12662611  12844026  13000030  12652628  12817853  12640133'
b'   12758998  12628895  12662899  12847939  13001099  12652331  12817718  12640774'
b'   12758470  12627945  12662588  12851033  13001246  12650907  12816519  12640294'
b'   12758502  12627324  12662039  12854500  13002290  12650319  12815965  12640449'
b'   12758091  12626301  12661242  12858735  13003565  12649107  12815346  12640472'
b'   12757450  12625069  12660486  12864294  13004878  12647675  12814108  12640281'
b'   12756251  12623118  12659158  12870713  13006725  12645881  12812472  12639718'
b'   12755760  12621509  12658322  12876259  13008978  12644853  12811368  12639551'
b'   12754525  12619224  12656432  12880247  13009800  12642563  12809093  12638179'
b'   12755005  12619113  12656955  12885575  13012062  12642622  12808659  12638545'
b'   12754546  12618112  12656302  12887669  13012640  12641782  12807589  12637913'
b'   12753810  12616547  12655270  12891061  13012730  12640185  12805800  12636844'
b'   12753837  12615761  12654858  12895370  13013376  12639261  12804623  12636299'
b'   12753878  12614839  12654706  12902153  13014480  12638035  12803394  12635920'
b'   12751012  12611105  12651719  12906728  13013409  12634329  12799640  12632819'
b'   12751504  12610994  12652452  12915764  13015403  12634190  12799322  12633350'
b'   12750959  12609965  12652828  12925235  13017085  12633379  12798260  12632862'
b'   12750291  12608867  12652176  12929510  13017777  12632603  12797170  12632181'
b'   12749960  12608159  12652082  12937674  13019582  12632202  12796706  12632166'
b'   12750694  12608321  12652976  12946332  13022184  12632877  12797095  12632923'
b'   12750008  12607268  12652878  12953881  13023832  12632308  12796269  12632646'
b'   12749454  12606208  12652849  12961784  13025814  12631918  12795503  12632240'
b'   12748571  12604981  12652619  12968464  13027496  12631288  12794325  12631489'
b'   12747196  12603378  12653430  12974897  13028379  12630153  12792629  12630244'
b'   12747840  12604028  12655097  12980286  13030614  12631320  12793134  12630931'
b'   12747955  12603902  12655609  12985246  13032656  12631845  12793431  12631297'
b'   12746681  12602522  12657709  12994936  13034295  12630987  12791884  12630306'
b'   12745644  12601717  12658155  12997118  13034888  12630544  12790971  12629447'
b'   12745645  12601695  12659027  13000323  13036320  12631251  12791274  12629722'
b'   12746886  12603003  12660655  13002235  13038623  12633246  12792801  12631304'
b'   12747312  12603496  12660861  13001393  13038777  12633763  12792988  12631384'
b'   12747041  12603180  12660100  13000425  13038926  12633716  12792730  12631041'
b'   12746059  12602034  12659047  13000028  13038383  12632808  12791614  12629846'
b'   12746334  12602195  12659153  13000360  13038435  12633003  12791686  12629796'
b'   12745641  12601002  12657956  13000524  13037852  12631695  12790638  12628685'
b'   12746292  12601639  12657780  12997067  13037519  12632377  12791208  12628823'
b'   12746263  12601584  12657541  12997297  13037456  12632260  12790915  12628537'
b'   12746399  12601981  12657753  12995843  13037153  12632407  12791128  12628401'
b'   12746574  12602454  12658281  12995107  13037404  12632981  12791704  12628750'
b'   12746117  12602059  12657934  12995424  13037204  12632715  12791390  12628436'
b'   12746096  12602102  12657720  12993570  13036889  12632738  12791468  12628313'
b'   12746361  12602264  12657996  12995722  13037987  12633200  12792067  12629013'
b'   12745744  12601880  12656883  12991999  13037626  12633066  12792143  12628596'
b'   12746581  12602678  12657863  12993251  13038511  12634004  12792846  12629390'
b'   12746996  12603042  12658371  12995993  13040382  12634758  12793616  12630213'
b'   12745547  12601533  12657082  12993934  13039309  12633557  12792234  12628648'
b'   12746378  12602545  12657459  12992664  13040298  12634838  12793263  12629681'
b'   12747435  12603875  12658756  12992943  13042139  12636530  12794966  12631143'
b'   12747444  12604095  12658756  12990586  13042243  12637009  12795296  12631223'
b'   12748418  12605618  12659085  12985606  13043150  12638929  12797211  12632573'
b'   12747634  12605185  12657235  12977310  13042360  12639077  12797443  12632212'
b'   12748891  12606727  12657368  12971213  13042963  12640833  12799135  12633367'
b'   12749018  12607059  12656899  12967228  13042789  12641317  12799535  12633525'
b'   12749048  12606963  12655901  12964089  13042337  12641216  12799341  12633250'
b'   12749077  12606902  12655633  12962723  13042232  12641070  12799332  12633013'
b'   12749638  12607229  12655305  12960668  13041917  12641172  12799314  12633039'
b'   12749665  12607001  12654972  12960801  13041758  12640908  12799063  12632801'
b'   12748818  12606110  12653721  12957885  13040296  12639952  12798042  12631489'
b'   12749288  12606426  12654303  12960145  13040704  12639948  12798184  12631645'
b'   12749985  12607369  12655156  12960217  13041208  12640718  12798985  12632338'
b'   12748570  12605902  12653910  12959032  13040165  12639410  12797746  12630982'
b'   12750452  12607892  12655928  12960409  13041888  12641603  12799850  12632958'
b'   12750129  12607928  12655557  12956697  13041278  12641459  12799899  12632597'
b'   12749959  12608069  12655312  12953651  13040755  12641785  12800219  12632529'
b'   12750722  12608784  12656231  12954988  13041785  12642474  12800914  12633357'
b'   12750528  12608611  12656038  12954900  13041905  12642362  12800781  12633219'
b'   12750647  12609096  12656006  12951412  13041337  12642757  12801049  12633162'
b'   12751375  12610312  12655867  12946301  13041304  12644214  12802505  12634112'
b'   12751702  12611020  12655104  12940555  13040619  12644938  12803445  12634471'
b'   12752891  12612755  12655623  12935951  13041391  12646921  12805599  12636061'
b'   12753019  12613441  12655125  12929456  13041303  12648018  12806772  12636686'
b'   12753251  12614286  12654718  12919880  13040278  12649269  12808100  12637010'
b'   12755209  12617372  12656302  12909782  13040687  12652577  12811067  12639090'
b'   12756186  12619308  12657224  12901799  13040253  12654712  12812918  12640051'
b'   12756429  12620593  12656811  12891840  13038891  12655993  12814235  12640155'
b'   12756985  12621731  12656969  12884918  13038020  12657288  12815255  12640422'
b'   12758515  12623900  12658731  12878986  13037871  12659350  12817027  12641319'
b'   12758886  12624465  12658783  12875726  13036619  12659631  12817439  12641136'
b'   12758322  12624441  12658512  12870159  13034661  12659443  12817018  12639922'
b'   12759867  12626806  12660708  12866714  13034698  12661806  12819238  12641024'
b'   12760124  12627991  12661931  12860574  13032910  12662729  12819697  12640678'
b'   12761461  12630206  12664039  12856856  13032944  12665140  12821852  12642013'
b'   12761609  12631093  12664758  12852738  13031887  12666229  12822824  12642184'
b'   12762063  12632234  12666537  12850039  13031425  12667524  12823899  12642621'
b'   12763573  12635799  12669169  12849038  13031558  12669420  12825662  12643702'
b'   12763677  12635346  12670507  12847603  13031332  12670380  12826243  12643846'
b'   12764960  12637372  12673717  12847894  13031899  12672674  12828105  12645190'
b'   12765342  12638409  12675666  12848235  13031741  12673576  12828539  12645421'
b'   12765770  12639159  12677219  12849021  13031592  12674231  12829185  12645753'
b'   12766304  12640073  12678522  12850650  13031681  12674848  12829827  12646346'
b'   12765086  12638853  12677492  12850153  13030127  12673410  12828643  12645219'
b'   12767169  12641082  12679482  12852592  13031791  12675522  12830898  12647560'
b'   12766596  12640694  12679249  12852648  13030998  12674877  12830640  12647205'
b'   12765973  12640178  12678769  12852338  13030391  12674288  12830313  12646994'
b'   12766678  12640958  12679490  12853406  13031343  12675099  12831397  12648145'
b'   12767426  12641754  12680253  12854471  13031983  12675883  12832088  12649230'
b'   12766814  12640977  12679500  12854250  13031193  12675007  12831372  12648465'
b'   12766611  12640330  12678886  12854173  13030689  12674192  12830690  12647890'
b'   12768181  12641986  12680304  12856039  13031811  12675591  12832175  12649419'
b'   12767583  12641172  12679598  12855757  13030555  12674335  12830898  12648395'
b'   12768031  12641417  12679798  12856440  13030276  12674278  12830922  12648459'
b'   12767529  12640793  12678980  12856194  13029057  12673188  12830085  12647419'
b'   12767231  12640375  12678463  12855969  13027776  12672216  12829230  12646594'
b'   12767212  12640571  12678594  12856370  13027406  12672143  12829397  12646645'
b'   12766268  12639667  12677772  12855796  13026244  12670953  12828428  12645713'
b'   12766942  12640414  12678451  12856646  13026309  12671500  12829249  12646484'
b'   12766740  12640171  12678147  12856546  13025801  12671124  12828992  12646275'
b'   12766636  12639998  12678063  12856659  13025557  12670947  12828878  12646263'
b'   12766588  12640122  12678169  12856803  13025217  12670790  12828808  12646329'
b'   12767245  12640722  12678761  12857610  13025599  12671320  12829521  12646997'
b'   12767272  12640800  12678934  12857922  13025500  12671375  12829637  12647160'
b'   12767172  12640703  12678745  12857977  13025389  12671179  12829698  12647214'
b'   12767701  12641266  12679283  12858588  13025854  12671714  12830345  12647942'
b'   12769257  12642985  12681035  12860337  13027550  12673441  12832094  12649863'
b'   12767194  12640837  12679007  12858430  13025653  12671397  12830325  12648004'
b'   12768066  12641835  12679846  12859327  13026658  12672513  12831307  12649247'
b'   12768434  12642333  12680432  12859879  13027702  12673253  12832070  12650154'
b'   12768191  12641923  12680078  12859686  13027585  12672954  12831832  12649869'
b'   12767375  12641018  12679098  12859155  13026809  12671928  12830859  12649141'
b'   12767722  12641254  12679185  12859579  13027123  12672124  12830876  12649359'
b'   12768733  12642179  12680095  12860549  13027747  12672914  12831569  12650119'
b'   12768230  12641371  12679335  12860232  13026939  12671845  12830631  12649309'
b'   12768770  12641575  12679420  12860834  13026564  12671772  12830411  12649070'
b'   12768344  12641194  12679000  12860620  13025750  12670959  12829771  12648352'
b'   12767678  12640450  12678264  12860005  13024259  12669756  12828765  12647187'
b'   12768780  12641525  12679398  12861178  13024941  12670835  12829941  12648248'
b'   12768778  12641723  12679419  12861301  13024663  12670637  12829899  12648266'
b'   12768391  12641375  12679107  12861107  13024144  12670340  12829749  12648083'
b'   12768736  12641787  12679438  12861431  13024119  12670610  12830017  12648388'
b'   12768516  12641532  12679176  12861345  13023893  12670301  12829900  12648253'
b'   12767658  12640735  12678460  12860658  13022969  12669408  12829132  12647522'
b'   12768145  12641199  12678943  12861229  13023342  12669825  12829575  12648124'
b'   12768200  12641186  12679104  12861292  13023360  12669863  12829692  12648192'
b'   12768730  12641807  12679703  12861861  13023933  12670630  12830523  12649091'
b'   12768285  12641425  12679232  12861430  13023425  12670067  12829965  12648581'
b'   12767569  12640908  12678631  12861003  13023261  12669649  12829787  12648332'
b'   12767474  12640731  12678590  12860857  13023407  12669809  12829933  12648485'
b'   12768528  12642015  12679803  12861910  13024834  12671125  12831167  12650065'
b'   12768822  12642277  12680065  12862327  13025716  12671726  12831834  12650745'
b'   12768635  12641956  12679835  12862198  13025689  12671573  12831521  12650595'
b'   12769251  12642368  12680180  12862638  13026202  12672036  12832033  12651003'
b'   12769199  12642142  12679904  12862689  13025953  12671690  12831476  12650689'
