b'   12037854  11920144  11939594  11957684  12179771  11989107  12147091  11945792'
b'   12078265  11956284  11974166  11994770  12216775  12022438  12185022  11982326'
b'   12157101  12025803  12040719  12065676  12288849  12088198  12261862  12051038'
b'   12188158  12052476  12066204  12092989  12316743  12114225  12292984  12077228'
b'   12206086  12067608  12080634  12108530  12332752  12129071  12310843  12092088'
b'   12217604  12077266  12089898  12118515  12343034  12138788  12322315  12101543'
b'   12226517  12084848  12097254  12126197  12351121  12146385  12331181  12108865'
b'   12233879  12091159  12103366  12132530  12358039  12152814  12338452  12115175'
b'   12239171  12095546  12107611  12137003  12362862  12157328  12343707  12119329'
b'   12243942  12099649  12111654  12141255  12367395  12161531  12348313  12123281'
b'   12247955  12103045  12114937  12144668  12371006  12164935  12352125  12126623'
b'   12252800  12107369  12119020  12149091  12375430  12169144  12356614  12130771'
b'   12255435  12109445  12121024  12151220  12377815  12171184  12359047  12132769'
b'   12258077  12111568  12123128  12153457  12380004  12173203  12361338  12135022'
b'   12262114  12115161  12126491  12157180  12383705  12176654  12364999  12138609'
b'   12262510  12114950  12126326  12157165  12383612  12176461  12365071  12138411'
b'   12265223  12117372  12128414  12159494  12385733  12178459  12367239  12140532'
b'   12267833  12119725  12130664  12161845  12388001  12180646  12369670  12142879'
b'   12269704  12121382  12132330  12163576  12389678  12182213  12371425  12144495'
b'   12270748  12122253  12133128  12164388  12390566  12183017  12372474  12145133'
b'   12272015  12123377  12134295  12165536  12391636  12183993  12373721  12146093'
b'   12274205  12125384  12136343  12167610  12393843  12186009  12375752  12147960'
b'   12276045  12127200  12138245  12169439  12395710  12187703  12377601  12149628'
b'   12277249  12128291  12139140  12170277  12396670  12188666  12378664  12150475'
b'   12279367  12130273  12141301  12172235  12398730  12190661  12380748  12152361'
b'   12280287  12131124  12142047  12173156  12399618  12191566  12381691  12153250'
b'   12280670  12131386  12142250  12173314  12399951  12191566  12381913  12153288'
b'   12283035  12133805  12144641  12175667  12402252  12194022  12384255  12155536'
b'   12283227  12133786  12144651  12175622  12402396  12193909  12384400  12155448'
b'   12285067  12135605  12146570  12177611  12404332  12195720  12386292  12157183'
b'   12285571  12136082  12147168  12177976  12404934  12196232  12386777  12157446'
b'   12287174  12137717  12148920  12179508  12406640  12197886  12388511  12159029'
b'   12286666  12137461  12148581  12179124  12406481  12197573  12388328  12158482'
b'   12288466  12139338  12150436  12180970  12408426  12199433  12390218  12160249'
b'   12288730  12139470  12150757  12181167  12408907  12199762  12390657  12160517'
b'   12290323  12141057  12152236  12182837  12410592  12201311  12392200  12162122'
b'   12290092  12140656  12151693  12182465  12410229  12200753  12391687  12161689'
b'   12290336  12140462  12151386  12182367  12410168  12200611  12391601  12161619'
b'   12291534  12141485  12152344  12183490  12411245  12201533  12392626  12162678'
b'   12292490  12142270  12153053  12184287  12412029  12202149  12393176  12163356'
b'   12292532  12141962  12152715  12184162  12411712  12201721  12392868  12163062'
b'   12293398  12142396  12152929  12184709  12412029  12201927  12393168  12163678'
b'   12293515  12142483  12152938  12184823  12411912  12201796  12393113  12163638'
b'   12295397  12144385  12154845  12186721  12413610  12203502  12394923  12165434'
b'   12295592  12144510  12155071  12186911  12413724  12203626  12395244  12165432'
b'   12295707  12144767  12155282  12186979  12413657  12203724  12395161  12165392'
b'   12295678  12144745  12155397  12187079  12413718  12203633  12395292  12165269'
b'   12296707  12145776  12156343  12187953  12414645  12204497  12396208  12166203'
b'   12297023  12146106  12156777  12188346  12415059  12204870  12396658  12166487'
b'   12297872  12147049  12157750  12189184  12415953  12205722  12397543  12167374'
b'   12298779  12147957  12158666  12190199  12416778  12206662  12398477  12168241'
b'   12298783  12147932  12158649  12189971  12416780  12206514  12398420  12168001'
b'   12298271  12147652  12158361  12189707  12416624  12206277  12398159  12167620'
b'   12299239  12148632  12159482  12190678  12417620  12207227  12399182  12168613'
b'   12299384  12148867  12159652  12191033  12417958  12207502  12399498  12168722'
b'   12299514  12148947  12159884  12191125  12418238  12207646  12399705  12168729'
b'   12300226  12149848  12160952  12191873  12419396  12208709  12400701  12169567'
b'   12300895  12150809  12161792  12192572  12420282  12209594  12401539  12170331'
b'   12300958  12151005  12162063  12192699  12420650  12209786  12401756  12170311'
b'   12301838  12151752  12162802  12193556  12421742  12210671  12402577  12171163'
b'   12301976  12151722  12162718  12193602  12421878  12210735  12402603  12171292'
b'   12302439  12152036  12163017  12194006  12422286  12211036  12402954  12171608'
b'   12303107  12152552  12163495  12194538  12422821  12211383  12403367  12172157'
b'   12302360  12151520  12162174  12193753  12421842  12210309  12402186  12171266'
b'   12302791  12151627  12162249  12194023  12421950  12210300  12402405  12171480'
b'   12304296  12153086  12163598  12195559  12423186  12211805  12403713  12172864'
b'   12304253  12152817  12163289  12195306  12422732  12211191  12403377  12172638'
b'   12305101  12153622  12163757  12196211  12423075  12211653  12403864  12173288'
b'   12305339  12153786  12164132  12196439  12423305  12212025  12404172  12173440'
b'   12305733  12154408  12164760  12196945  12423706  12212410  12404679  12173935'
b'   12304672  12153320  12163786  12195959  12422726  12211283  12403611  12172649'
b'   12305703  12154404  12165024  12196933  12423684  12212338  12404700  12173734'
b'   12306599  12155394  12165972  12197922  12424593  12213194  12405665  12174569'
b'   12306862  12155692  12166126  12198097  12424735  12213364  12405834  12174749'
b'   12306003  12154865  12165412  12197236  12424135  12212525  12405149  12173896'
b'   12307786  12156684  12167270  12199004  12425809  12214297  12406907  12175547'
b'   12306319  12155193  12165815  12197629  12424543  12212915  12405605  12174083'
b'   12307115  12156041  12166713  12198409  12425378  12213738  12406381  12174819'
b'   12307193  12156294  12167006  12198707  12425892  12214092  12406647  12175075'
b'   12307435  12156487  12167241  12198823  12426026  12214245  12407019  12175230'
b'   12308038  12157288  12168185  12199683  12426868  12215164  12407699  12175960'
b'   12308371  12157921  12168843  12200113  12427869  12215918  12408549  12176366'
b'   12308189  12157721  12168831  12199829  12427975  12215949  12408483  12176222'
b'   12308282  12157841  12168956  12200031  12428227  12216089  12408755  12176250'
b'   12308899  12158299  12169516  12200500  12428931  12216765  12409137  12176779'
b'   12308976  12158160  12169192  12200576  12429018  12216639  12409141  12176857'
b'   12309873  12158935  12169873  12201403  12429841  12217343  12409727  12177713'
b'   12309105  12158067  12168944  12200602  12429087  12216411  12408870  12176864'
b'   12309851  12158625  12169441  12201296  12429596  12217023  12409468  12177465'
b'   12310432  12158921  12169559  12201673  12429745  12217074  12409593  12177949'
b'   12309330  12157698  12168114  12200444  12428189  12215535  12408103  12176561'
b'   12310312  12158475  12168835  12201373  12428835  12216236  12408795  12177427'
b'   12311802  12159933  12170398  12202867  12429933  12217513  12410107  12178840'
b'   12311346  12159427  12169993  12202392  12429446  12216979  12409664  12178266'
b'   12312115  12160485  12171058  12203404  12430315  12217853  12410708  12179283'
b'   12311934  12160405  12170824  12203229  12430071  12217730  12410394  12178929'
b'   12311627  12160150  12170816  12203067  12429783  12217510  12410225  12178608'
b'   12311702  12160288  12170876  12203185  12429845  12217488  12410401  12178788'
b'   12310481  12159022  12169708  12201783  12428641  12216211  12409243  12177447'
b'   12312185  12160752  12171592  12203649  12430494  12218124  12410953  12179243'
b'   12313134  12161882  12172718  12204696  12431510  12219200  12412054  12180321'
b'   12312193  12160951  12171882  12203689  12430627  12218233  12411153  12179152'
b'   12312887  12161695  12172525  12204479  12431461  12218972  12411949  12179913'
b'   12312822  12161733  12172591  12204492  12431683  12219125  12412031  12179943'
b'   12313028  12162059  12173013  12204653  12431969  12219448  12412372  12180194'
b'   12313524  12162504  12173540  12205249  12432610  12219998  12412965  12180579'
b'   12313846  12162973  12174079  12205560  12433103  12220518  12413419  12180938'
b'   12313479  12162879  12174146  12205438  12433506  12220722  12413469  12180779'
b'   12314112  12163665  12174806  12206157  12434485  12221464  12414179  12181434'
b'   12313223  12162593  12173855  12205178  12433677  12220630  12413370  12180499'
b'   12313589  12162645  12173767  12205311  12433932  12220723  12413340  12180768'
b'   12313680  12162646  12173718  12205381  12434030  12220665  12413296  12180817'
b'   12313968  12162989  12174011  12205865  12434387  12221033  12413633  12181155'
b'   12314153  12162785  12173682  12205710  12434190  12220760  12413426  12181082'
b'   12313836  12162072  12172811  12205251  12433376  12219824  12412619  12180641'
b'   12313417  12161523  12172067  12204780  12432632  12219082  12411903  12180016'
b'   12313979  12161906  12172483  12205304  12432889  12219456  12412200  12180419'
b'   12313602  12161437  12172010  12204851  12432224  12218829  12411655  12179971'
b'   12313383  12161401  12171972  12204733  12431852  12218510  12411532  12179696'
b'   12314799  12163047  12173674  12206309  12433198  12220164  12413065  12181194'
b'   12313876  12161680  12172344  12204815  12431835  12218615  12411690  12179765'
b'   12314961  12163052  12173774  12206239  12433111  12219972  12413194  12181129'
b'   12315489  12162983  12173458  12205972  12432751  12219666  12412771  12180875'
b'   12316234  12163865  12174188  12206622  12433362  12220329  12413376  12181615'
b'   12316932  12164095  12174262  12206742  12433526  12220364  12413410  12181615'
b'   12316214  12163756  12174107  12206384  12433333  12220153  12413364  12181496'
b'   12317563  12164836  12175090  12207271  12434267  12220994  12414181  12182402'
b'   12318308  12165568  12175697  12207834  12434903  12221781  12414681  12182996'
b'   12318525  12165892  12176180  12208309  12435453  12222127  12415393  12183415'
b'   12317930  12165651  12176356  12208227  12435724  12222453  12415470  12183287'
b'   12317450  12165324  12176030  12207903  12435591  12222059  12415175  12182798'
b'   12318266  12166353  12177096  12208896  12436756  12223237  12416296  12183871'
b'   12316729  12164528  12175349  12206964  12435487  12221644  12414538  12181962'
b'   12317710  12165053  12175591  12207156  12435927  12221947  12414719  12182326'
b'   12318761  12165284  12175296  12207247  12436196  12221977  12414823  12182681'
b'   12320000  12165862  12175734  12207587  12436668  12222234  12415036  12183229'
b'   12321599  12166463  12176029  12208072  12437041  12222574  12415163  12183895'
b'   12321825  12165965  12175216  12207483  12436462  12221763  12414357  12183386'
b'   12321977  12165476  12174407  12206990  12435631  12220988  12413638  12183031'
b'   12323321  12165972  12174540  12207784  12435767  12221001  12413739  12183616'
b'   12325095  12167100  12175210  12208476  12436154  12221498  12414269  12184470'
b'   12323963  12165923  12174098  12207266  12434767  12220148  12413133  12183215'
b'   12326426  12167696  12175596  12208751  12435981  12221624  12414416  12184765'
b'   12326283  12167404  12175166  12208309  12435373  12220945  12413952  12184368'
b'   12327247  12168207  12176007  12209096  12435963  12221686  12414539  12185201'
b'   12327875  12168399  12176019  12209163  12435994  12221695  12414669  12185467'
b'   12328126  12168347  12175836  12208977  12435795  12221441  12414393  12185194'
b'   12328188  12167761  12175101  12208242  12435072  12220577  12413615  12184610'
b'   12329365  12168870  12176073  12209073  12435913  12221407  12414441  12185611'
b'   12330217  12169218  12176291  12209249  12436188  12221548  12414568  12185857'
b'   12331360  12169264  12175951  12209078  12435999  12221316  12414237  12185680'
b'   12331613  12169824  12176517  12209455  12436578  12221917  12414846  12186432'
b'   12333006  12170478  12176915  12209985  12437293  12222301  12415340  12187120'
b'   12333355  12170045  12176183  12209101  12436640  12221572  12414506  12186343'
b'   12334240  12170668  12176750  12209367  12437406  12222065  12414979  12186823'
b'   12335245  12171774  12177888  12210399  12438650  12223229  12416072  12187934'
b'   12337763  12172545  12178160  12210702  12439217  12223513  12416269  12188398'
b'   12337252  12171476  12176948  12209658  12438469  12222396  12415064  12187540'
b'   12339989  12172834  12177669  12210565  12439726  12223446  12415815  12188842'
b'   12340136  12172635  12177480  12210522  12439705  12223308  12415736  12188854'
b'   12342045  12173029  12177477  12210733  12439850  12223258  12415612  12189285'
b'   12342754  12172745  12176621  12210048  12439188  12222353  12414801  12189030'
b'   12344340  12173017  12176315  12209926  12438963  12221975  12414463  12189259'
b'   12344941  12173061  12176089  12210169  12438870  12221705  12414257  12189496'
b'   12345856  12172700  12175257  12209566  12437822  12220763  12413375  12189033'
b'   12345262  12172208  12174773  12209315  12436915  12220036  12412834  12188746'
b'   12347180  12172924  12175155  12209529  12437025  12220125  12413016  12189177'
b'   12348729  12173756  12175765  12210104  12437357  12220484  12413425  12189896'
b'   12349078  12173693  12175365  12209705  12436925  12219978  12412974  12189671'
b'   12348924  12173509  12175231  12209378  12436345  12219715  12412843  12189591'
b'   12350382  12174457  12175930  12210128  12437059  12220314  12413501  12190462'
b'   12351609  12174601  12175608  12209662  12436718  12219812  12413072  12190465'
b'   12352360  12175010  12175895  12209842  12436845  12220039  12413336  12190752'
b'   12353399  12175667  12176317  12210399  12437288  12220346  12413757  12191410'
b'   12353251  12175826  12176421  12210492  12437419  12220623  12413968  12191628'
b'   12353079  12175858  12176614  12210587  12437669  12220728  12414133  12191801'
b'   12353325  12176299  12177103  12211005  12438165  12221227  12414748  12192336'
b'   12353755  12176065  12176792  12210325  12437827  12220715  12414320  12191867'
b'   12355099  12176800  12177266  12210877  12438454  12221175  12414701  12192577'
b'   12353981  12176136  12176791  12210098  12438261  12220812  12414297  12191821'
b'   12355492  12177444  12178028  12211178  12439719  12222040  12415413  12193041'
b'   12355698  12177198  12177674  12210838  12439738  12221807  12415091  12192978'
b'   12356640  12177957  12178170  12211652  12440615  12222529  12415708  12193708'
b'   12357146  12177358  12177519  12211211  12440368  12221977  12415110  12193575'
b'   12359434  12178343  12177776  12211588  12440672  12222183  12415276  12194207'
b'   12360339  12177815  12176852  12210743  12439908  12221209  12414265  12193774'
b'   12362245  12178818  12177455  12211708  12440399  12221911  12415043  12194963'
b'   12363241  12177922  12176005  12210405  12438872  12220139  12413398  12193993'
b'   12363907  12178547  12176453  12211123  12439029  12220461  12413809  12194666'
b'   12364044  12178799  12176651  12211403  12438957  12220524  12414011  12194999'
b'   12364054  12178880  12176636  12211315  12438502  12220208  12414009  12194969'
b'   12363672  12178272  12176032  12210664  12437679  12219433  12413325  12194313'
b'   12366072  12180638  12178270  12212837  12439530  12221492  12415278  12196530'
b'   12366674  12179794  12177111  12211523  12438202  12220035  12414063  12195621'
b'   12367583  12180675  12177906  12212158  12438757  12220747  12414801  12196392'
b'   12366963  12180395  12177542  12211834  12438364  12220321  12414514  12196067'
b'   12366637  12179994  12177121  12211455  12437978  12219935  12414097  12195746'
b'   12366352  12180247  12177594  12211893  12438458  12220362  12414707  12196166'
b'   12366102  12179946  12177286  12211376  12438103  12219961  12414341  12195815'
b'   12366533  12180567  12177621  12211592  12438366  12220226  12414612  12196125'
b'   12367480  12180621  12177353  12211357  12438307  12220110  12414487  12196230'
b'   12367909  12181030  12177831  12211643  12438826  12220503  12414903  12196581'
b'   12368975  12181953  12178808  12212423  12439795  12221449  12415858  12197537'
b'   12369037  12181511  12178273  12211777  12439495  12220924  12415303  12197180'
b'   12368894  12181668  12178588  12211809  12440402  12221466  12415649  12197357'
b'   12369467  12181641  12178239  12211670  12440440  12221327  12415477  12197303'
b'   12370245  12182522  12179153  12212584  12441574  12222334  12416407  12198338'
b'   12371532  12183327  12179842  12213372  12442383  12223105  12417149  12199308'
b'   12370151  12181732  12178041  12211862  12441041  12221455  12415519  12197865'
b'   12370622  12182436  12178768  12212793  12441842  12222415  12416346  12198920'
b'   12369651  12181523  12177861  12211960  12440893  12221381  12415474  12198082'
b'   12369774  12181333  12177664  12211961  12440705  12221230  12415340  12198105'
b'   12369466  12180866  12177074  12211789  12439683  12220292  12414774  12197814'
b'   12368844  12180159  12176189  12210954  12438461  12219444  12413764  12197092'
b'   12369005  12180711  12177042  12211687  12438847  12220034  12414511  12197661'
b'   12368838  12180968  12177360  12211882  12438703  12220197  12414903  12197861'
b'   12368721  12181340  12177860  12212345  12439008  12220627  12415506  12198351'
b'   12365969  12180018  12177093  12211399  12438035  12219947  12414811  12197252'
b'   12363902  12180432  12178262  12212535  12439072  12221265  12416202  12198071'
b'   12359998  12179417  12178376  12212212  12438647  12221329  12416316  12197445'
b'   12358364  12178571  12177711  12211672  12438247  12220908  12415960  12196730'
b'   12355997  12178116  12177966  12211753  12438390  12221141  12416235  12196322'
b'   12354710  12179164  12179766  12213419  12439997  12222989  12418142  12197719'
b'   12351395  12178925  12180532  12213938  12440808  12224078  12419063  12197763'
b'   12348836  12178165  12180523  12213720  12440730  12224126  12419169  12197222'
b'   12347288  12178204  12181236  12214249  12441364  12224942  12420018  12197420'
b'   12344528  12177882  12181549  12214253  12442003  12225588  12420545  12197194'
b'   12342321  12176884  12181153  12213669  12441851  12225308  12420256  12196320'
b'   12341309  12177589  12182402  12214844  12443251  12226919  12421620  12197136'
b'   12339769  12177583  12183039  12215365  12444073  12227586  12422281  12197348'
b'   12337283  12175766  12181576  12214117  12443333  12226527  12421225  12195814'
b'   12337081  12176691  12183008  12215538  12444797  12228033  12422627  12197000'
b'   12336056  12176819  12183361  12215965  12445284  12228697  12423208  12197157'
b'   12334308  12176000  12183024  12215830  12445119  12228438  12422991  12196720'
b'   12331841  12175200  12182604  12215793  12444722  12228289  12422971  12196387'
b'   12329710  12175265  12183411  12216572  12445176  12229211  12423983  12196923'
b'   12326330  12174602  12183669  12216800  12444997  12229525  12424459  12196683'
b'   12323158  12172869  12182761  12215879  12443364  12228366  12423696  12195267'
b'   12322551  12172774  12182996  12216074  12443286  12228405  12423826  12194922'
b'   12321627  12172005  12182455  12215492  12442454  12227813  12423283  12194104'
b'   12322308  12172741  12183283  12216310  12443012  12228627  12423963  12194720'
b'   12322456  12172882  12183497  12216382  12443044  12228729  12424257  12194684'
b'   12321822  12172325  12183025  12215941  12442509  12228170  12423660  12193927'
b'   12321319  12171815  12182595  12215428  12441996  12227662  12423178  12193303'
b'   12322333  12172748  12183739  12216460  12442890  12228749  12424206  12194116'
b'   12321657  12172033  12183044  12215792  12442227  12228151  12423546  12193277'
b'   12322561  12172889  12184005  12216742  12443157  12229100  12424411  12194119'
b'   12322796  12173127  12184251  12216952  12443566  12229347  12424595  12194260'
b'   12322048  12172540  12183666  12216158  12443132  12228800  12423979  12193341'
b'   12323813  12174159  12185420  12217947  12444919  12230658  12425758  12195090'
b'   12322292  12172631  12184077  12216411  12443645  12229317  12424366  12193400'
b'   12323107  12173648  12185070  12217285  12444806  12230211  12425243  12194110'
b'   12322221  12172767  12184481  12216477  12444686  12229923  12424738  12193220'
b'   12323204  12173688  12185388  12217411  12445983  12230968  12425736  12194140'
b'   12323593  12173885  12185653  12217739  12446508  12231416  12425849  12194334'
b'   12324158  12174409  12186126  12218168  12447153  12231894  12426367  12194873'
b'   12323576  12173239  12184912  12217235  12446522  12230944  12425374  12193864'
b'   12322594  12172031  12183582  12216282  12445494  12229754  12424138  12192695'
b'   12322111  12171423  12182881  12215644  12444809  12229169  12423306  12192011'
b'   12322763  12171555  12182898  12215981  12444751  12229116  12423400  12192349'
b'   12323365  12171825  12183107  12216463  12444763  12229289  12423489  12192614'
b'   12323808  12172117  12183244  12216852  12444684  12229307  12423688  12192906'
b'   12323615  12171905  12183124  12216644  12444167  12228848  12423351  12192616'
b'   12324317  12172676  12183992  12217308  12444374  12229513  12424087  12193013'
b'   12323236  12171532  12182845  12216214  12443212  12228425  12422964  12191964'
b'   12323958  12172444  12183691  12216938  12443790  12229090  12423628  12192586'
b'   12323552  12171972  12183311  12216481  12443248  12228515  12423187  12192035'
b'   12323389  12171724  12183147  12216308  12442894  12228330  12423008  12191782'
b'   12324474  12172807  12184245  12217355  12443983  12229329  12423982  12192818'
b'   12324463  12172711  12184257  12217302  12443883  12229370  12423939  12192634'
b'   12324251  12172644  12184108  12217073  12443799  12229275  12423844  12192421'
b'   12324608  12172941  12184499  12217483  12444212  12229597  12424115  12192752'
b'   12324044  12172368  12183904  12216819  12443779  12229129  12423717  12192017'
b'   12324376  12172711  12184421  12217201  12444391  12229740  12424097  12192466'
b'   12323099  12171647  12183297  12216023  12443663  12228603  12423117  12191106'
b'   12324080  12172864  12184669  12217126  12445012  12230032  12424253  12192230'
b'   12323950  12172764  12184711  12216988  12445381  12230157  12424543  12192060'
b'   12324509  12173381  12185346  12217658  12446350  12231014  12425082  12192732'
b'   12324519  12173063  12184944  12217322  12446525  12230895  12424856  12192596'
b'   12324591  12173086  12184833  12217529  12446769  12230977  12424850  12192697'
b'   12324703  12172863  12184870  12217633  12446773  12230928  12424725  12192615'
b'   12325255  12173283  12185093  12217951  12447243  12231237  12424989  12193065'
b'   12324737  12172543  12184135  12217368  12446312  12230378  12424103  12192400'
b'   12325753  12173148  12184716  12218274  12446726  12230953  12424620  12193077'
b'   12325895  12173134  12184439  12218380  12446426  12230615  12424359  12193019'
b'   12325367  12172417  12183831  12217705  12445322  12229734  12423683  12192344'
b'   12325940  12173067  12184486  12218174  12445527  12230124  12424097  12192732'
b'   12325236  12172464  12183837  12217602  12444701  12229448  12423505  12192019'
b'   12326685  12173919  12185375  12219059  12446061  12230878  12424893  12193442'
b'   12325910  12173040  12184523  12218206  12444865  12229934  12424104  12192563'
b'   12326483  12173736  12185171  12218910  12445417  12230475  12424640  12193086'
b'   12326486  12173755  12185012  12218805  12445472  12230459  12424661  12193161'
b'   12326287  12173671  12185186  12218578  12445343  12230267  12424665  12192918'
b'   12326321  12173647  12185186  12218584  12445152  12230237  12424562  12192782'
b'   12326494  12173832  12185483  12218856  12445488  12230556  12424803  12193021'
b'   12326662  12174097  12185702  12219002  12445708  12230832  12425009  12193195'
b'   12326270  12173737  12185544  12218634  12445512  12230548  12424781  12192868'
b'   12327052  12174555  12186393  12219444  12446442  12231455  12425610  12193616'
b'   12326670  12174311  12186121  12219120  12446354  12231275  12425406  12193187'
b'   12326158  12173857  12185871  12218665  12446399  12231017  12425070  12192737'
