b'   12407112  12295068  12334526  12478904  12644103  12343266  12481658  12324840'
b'   12447841  12332887  12371083  12517858  12683663  12378553  12521299  12363649'
b'   12529371  12409285  12443879  12594722  12761583  12448634  12603116  12439692'
b'   12564935  12442669  12475484  12627981  12795062  12479540  12639117  12472437'
b'   12582870  12459132  12490655  12644467  12811741  12494628  12657092  12488288'
b'   12595564  12470812  12501432  12656117  12823566  12505588  12669685  12499637'
b'   12607247  12481687  12511642  12666953  12834475  12515865  12681107  12510227'
b'   12614686  12488348  12517937  12673813  12841374  12522116  12688257  12516755'
b'   12620657  12493773  12522936  12679250  12847063  12527427  12693982  12522198'
b'   12626124  12498559  12527364  12684221  12852065  12532016  12699088  12526869'
b'   12634901  12506972  12535729  12692331  12860423  12540269  12707588  12535042'
b'   12636379  12508009  12536508  12693571  12861616  12541044  12708635  12535885'
b'   12640282  12511508  12539686  12697113  12865339  12544492  12712253  12539333'
b'   12644212  12515106  12543276  12700718  12869052  12547918  12716016  12542862'
b'   12647821  12518465  12546410  12703872  12872343  12551089  12719362  12546017'
b'   12650566  12520929  12548930  12706521  12875099  12553509  12721976  12548379'
b'   12652621  12522675  12550499  12708342  12876895  12555160  12723796  12549923'
b'   12655979  12525887  12553568  12711504  12880071  12558158  12726980  12552938'
b'   12658835  12528516  12556167  12714073  12882749  12560621  12729685  12555434'
b'   12661930  12531309  12558836  12716965  12885429  12563308  12732360  12558210'
b'   12662956  12532104  12559546  12717962  12886379  12563972  12733069  12558916'
b'   12666127  12534953  12562259  12720814  12889047  12566562  12735756  12561721'
b'   12666727  12535131  12562261  12720999  12889480  12566640  12735815  12561847'
b'   12669333  12537476  12564544  12723433  12891713  12568878  12738202  12564179'
b'   12670557  12538639  12565717  12724793  12892996  12569903  12739556  12565193'
b'   12672800  12540711  12567775  12726774  12895064  12571982  12741818  12567227'
b'   12674217  12542300  12569271  12728279  12896699  12573522  12743320  12568673'
b'   12675262  12543271  12570220  12729155  12897694  12574415  12744206  12569509'
b'   12677369  12545448  12572394  12731244  12899916  12576491  12746541  12571599'
b'   12677892  12545672  12572726  12731572  12900032  12576420  12746726  12571769'
b'   12678975  12546839  12573704  12732647  12901171  12577445  12747736  12572613'
b'   12680926  12548758  12575655  12734390  12903020  12579306  12749505  12574410'
b'   12681839  12549586  12576512  12735266  12903901  12580024  12750329  12575238'
b'   12683480  12551229  12578137  12736975  12905456  12581570  12751866  12576662'
b'   12684014  12551878  12578842  12737542  12906155  12582088  12752427  12577054'
b'   12686343  12554233  12581192  12739774  12908288  12584354  12754632  12579220'
b'   12686109  12553997  12581030  12739595  12908294  12584084  12754423  12578865'
b'   12687258  12555164  12582199  12740632  12909485  12585070  12755683  12579856'
b'   12689020  12557302  12584413  12742493  12911445  12587241  12757733  12581710'
b'   12689389  12557604  12584684  12742829  12911898  12587392  12758082  12581891'
b'   12691289  12559310  12586238  12744469  12913450  12588966  12760066  12583614'
b'   12692055  12559535  12586472  12744837  12913907  12589156  12760222  12584083'
b'   12693004  12560322  12587057  12745688  12914649  12589842  12760695  12584722'
b'   12694225  12561328  12588075  12746840  12915638  12590779  12761636  12585829'
b'   12695348  12562250  12588880  12747804  12916324  12591393  12762136  12586680'
b'   12696320  12562962  12589398  12748489  12916952  12591896  12762731  12587368'
b'   12696352  12562605  12588839  12748311  12916498  12591342  12762345  12587065'
b'   12696611  12562562  12588979  12748682  12916616  12591373  12762351  12587067'
b'   12697148  12563275  12589665  12749353  12917387  12591987  12763051  12587582'
b'   12697705  12564041  12590453  12749894  12918009  12592618  12763851  12588122'
b'   12697171  12563496  12590007  12749395  12917503  12592034  12763248  12587516'
b'   12699595  12565850  12592391  12751601  12919701  12594085  12765480  12589767'
b'   12700333  12566618  12593180  12752304  12920307  12594950  12766313  12590392'
b'   12701215  12567470  12593973  12753154  12921666  12596151  12767451  12591275'
b'   12701771  12568063  12594543  12753578  12922295  12596644  12767929  12591725'
b'   12702444  12568757  12595339  12754337  12922916  12597224  12768395  12592298'
b'   12703353  12569713  12596255  12755190  12923477  12597734  12769121  12593042'
b'   12702396  12568819  12595424  12754418  12922678  12596972  12768245  12592056'
b'   12703952  12570463  12597042  12756037  12924325  12598481  12769727  12593561'
b'   12704424  12571065  12597805  12756432  12925055  12599060  12770300  12593972'
b'   12704091  12571095  12597884  12756392  12925301  12599258  12770471  12593872'
b'   12706118  12573311  12600228  12758500  12927649  12601560  12772672  12596042'
b'   12705812  12572888  12599735  12758104  12927483  12601114  12772235  12595515'
b'   12706355  12573289  12600176  12758603  12927967  12601565  12772632  12595946'
b'   12706321  12572904  12599797  12758474  12927797  12601214  12772441  12595635'
b'   12707632  12574151  12600863  12759594  12928815  12602304  12773541  12596893'
b'   12707701  12573724  12600429  12759418  12928460  12601740  12773080  12596659'
b'   12708417  12574324  12600875  12759897  12928962  12602082  12773565  12597150'
b'   12709522  12575087  12601485  12760854  12929617  12602739  12774184  12598000'
b'   12708918  12574125  12600418  12760056  12928258  12601540  12772964  12597069'
b'   12710467  12575666  12601950  12761547  12929567  12602916  12774319  12598483'
b'   12710388  12575610  12601964  12761440  12929423  12602830  12774162  12598300'
b'   12711527  12576943  12603373  12762624  12930693  12603934  12775359  12599377'
b'   12710816  12576261  12602520  12761839  12929978  12603191  12774538  12598517'
b'   12711634  12577023  12603456  12762688  12930874  12603938  12775393  12599377'
b'   12711555  12577188  12603537  12762644  12930855  12603919  12775546  12599357'
b'   12711954  12577482  12603916  12763104  12931349  12604364  12775924  12599622'
b'   12713793  12579502  12605864  12764877  12933186  12606271  12777893  12601451'
b'   12713721  12579481  12605960  12764949  12933227  12606310  12777911  12601385'
b'   12713261  12579064  12605607  12764571  12932913  12605844  12777421  12600997'
b'   12714818  12580890  12607378  12766258  12934672  12607686  12779214  12602637'
b'   12714407  12580545  12607054  12765812  12934310  12607288  12778836  12602247'
b'   12714786  12581060  12607549  12766218  12934917  12607741  12779339  12602696'
b'   12715700  12582144  12608935  12767355  12936363  12609163  12780594  12603718'
b'   12715019  12581704  12608375  12766795  12936157  12608667  12780217  12603077'
b'   12715053  12581701  12608541  12766811  12936349  12608865  12780256  12603093'
b'   12716058  12582425  12609150  12767602  12937277  12609601  12781010  12603941'
b'   12717111  12583386  12609935  12768667  12938303  12610526  12781880  12604997'
b'   12717510  12583669  12610320  12769069  12938518  12610782  12782177  12605260'
b'   12717866  12583846  12610346  12769185  12938587  12610761  12782151  12605539'
b'   12717134  12582972  12609404  12768463  12937743  12609745  12781267  12604565'
b'   12718305  12583666  12609979  12769591  12938285  12610420  12781866  12605602'
b'   12718188  12583461  12609857  12769447  12938052  12610132  12781638  12605242'
b'   12718196  12583415  12609849  12769396  12937920  12609840  12781397  12605068'
b'   12718441  12583746  12610245  12769814  12938019  12610134  12781664  12605393'
b'   12718958  12584391  12610810  12770293  12938432  12610771  12782210  12605768'
b'   12718809  12584270  12610726  12770162  12938612  12610691  12782137  12605522'
b'   12720425  12586100  12612585  12771858  12940551  12612696  12784238  12607411'
b'   12718417  12583988  12610586  12769917  12938613  12610523  12782096  12605342'
b'   12718447  12584216  12610795  12769965  12938707  12610610  12782287  12605508'
b'   12719924  12585731  12612185  12771328  12939936  12611996  12783689  12606742'
b'   12720441  12586298  12612844  12771863  12940570  12612493  12784205  12607220'
b'   12720620  12586485  12613126  12772126  12940832  12612752  12784549  12607512'
b'   12721052  12587068  12613702  12772631  12941290  12613297  12785133  12608006'
b'   12721176  12587277  12613936  12772893  12941655  12613542  12785329  12608221'
b'   12721493  12587807  12614537  12773194  12942190  12614101  12785957  12608654'
b'   12721826  12588259  12614991  12773686  12942821  12614678  12786512  12609137'
b'   12721416  12587935  12614723  12773198  12942721  12614500  12786400  12608775'
b'   12721928  12588413  12615287  12773796  12943623  12615253  12787009  12609355'
b'   12722159  12588532  12615368  12773915  12943843  12615319  12787130  12609485'
b'   12721694  12587871  12614590  12773434  12943406  12614666  12786369  12608968'
b'   12722659  12588617  12615443  12774221  12944090  12615340  12787000  12609678'
b'   12723167  12588975  12615874  12774794  12944429  12615654  12787342  12610014'
b'   12723698  12589241  12616001  12775184  12944493  12615725  12787264  12610313'
b'   12723468  12588772  12615523  12774916  12943935  12615013  12786728  12609816'
b'   12722617  12587645  12614299  12774106  12942642  12613759  12785332  12608726'
b'   12723885  12588864  12615534  12775241  12943490  12614844  12786475  12609750'
b'   12724295  12589561  12616158  12775733  12944022  12615351  12787047  12610293'
b'   12723939  12589375  12615979  12775383  12943779  12615064  12786825  12609979'
b'   12723882  12589299  12615986  12775418  12943722  12615045  12786749  12609803'
b'   12723679  12589120  12615796  12775210  12943617  12614816  12786691  12609640'
b'   12723299  12588970  12615561  12774909  12943335  12614577  12786559  12609406'
b'   12723620  12589328  12615956  12775378  12943731  12615018  12786885  12609639'
b'   12724961  12590839  12617500  12776735  12945117  12616485  12788414  12611179'
b'   12724834  12590609  12617446  12776578  12945064  12616308  12788291  12611052'
b'   12724642  12590531  12617328  12776521  12945149  12616351  12788260  12611042'
b'   12724751  12590682  12617549  12776535  12945327  12616512  12788491  12611085'
b'   12724990  12591055  12617898  12776868  12945889  12616959  12788945  12611443'
b'   12726351  12592617  12619452  12778263  12947371  12618624  12790493  12612848'
b'   12726665  12593115  12619952  12778595  12948162  12619162  12791251  12613330'
b'   12725713  12592192  12619200  12777753  12947476  12618499  12790506  12612450'
b'   12725456  12591952  12618967  12777440  12947389  12618344  12790326  12612334'
b'   12726161  12592414  12619438  12778084  12948180  12618843  12790715  12612855'
b'   12726658  12592736  12619676  12778463  12948525  12619180  12790953  12613161'
b'   12726270  12592082  12618983  12778136  12947955  12618552  12790205  12612736'
b'   12727493  12593150  12620184  12779307  12948938  12619459  12791153  12613706'
b'   12726203  12591668  12618576  12777862  12947401  12618029  12789751  12612245'
b'   12725708  12590767  12617551  12777275  12946311  12616567  12788368  12611250'
b'   12726296  12591359  12618082  12777933  12946611  12616994  12788826  12611748'
b'   12727209  12592168  12618867  12778776  12947300  12617853  12789521  12612511'
b'   12726040  12591160  12617970  12777702  12946159  12616661  12788544  12611396'
b'   12726841  12592045  12618832  12778534  12946880  12617514  12789354  12612173'
b'   12727346  12592735  12619522  12779103  12947399  12618199  12790012  12612821'
b'   12727434  12592943  12619809  12779194  12947613  12618378  12790215  12612974'
b'   12726874  12592180  12619190  12778596  12947127  12617731  12789695  12612270'
b'   12727838  12593471  12620369  12779702  12948172  12618865  12790900  12613537'
b'   12728649  12594361  12621235  12780468  12949142  12619873  12791694  12614281'
b'   12727533  12593350  12620284  12779449  12948220  12618873  12790849  12613224'
b'   12727556  12593243  12620282  12779474  12948260  12618828  12791042  12613289'
b'   12728243  12594053  12620999  12780092  12949138  12619671  12791701  12613986'
b'   12726807  12592743  12619877  12778828  12948215  12618575  12790681  12612702'
b'   12727770  12593899  12621133  12779900  12949435  12619856  12791951  12613938'
b'   12727961  12594356  12621494  12780191  12949976  12620356  12792381  12614326'
b'   12728395  12594567  12621766  12780523  12950618  12620912  12792738  12614713'
b'   12728472  12594641  12621891  12780537  12950620  12620950  12793006  12614797'
b'   12729585  12595467  12622672  12781478  12951567  12621666  12793651  12615551'
b'   12728783  12594551  12621618  12780695  12950759  12620803  12792566  12614763'
b'   12729601  12595277  12622222  12781547  12951354  12621393  12793225  12615492'
b'   12729080  12594312  12621251  12780905  12950386  12620287  12791978  12614528'
b'   12730014  12595127  12622033  12781797  12950872  12620885  12792552  12615231'
b'   12730030  12594890  12621675  12781662  12950529  12620515  12792325  12615086'
b'   12728461  12593317  12620204  12780218  12948813  12618788  12790617  12613351'
b'   12730142  12595097  12622050  12781801  12950330  12620428  12792219  12614994'
b'   12729994  12595127  12621943  12781677  12950200  12620371  12792171  12614884'
b'   12729884  12595258  12622113  12781812  12950330  12620415  12792330  12614979'
b'   12730193  12595390  12622274  12782004  12950507  12620685  12792521  12615161'
b'   12730319  12595800  12622740  12782287  12950771  12621047  12792868  12615525'
b'   12730169  12595594  12622578  12781993  12950555  12620805  12792718  12615265'
b'   12730058  12595512  12623051  12782588  12950623  12620876  12792713  12615218'
b'   12730042  12595619  12623738  12783352  12951002  12620894  12792862  12615318'
b'   12730735  12596471  12624610  12784361  12951914  12621805  12793695  12616094'
b'   12729840  12595647  12624001  12783777  12951226  12620925  12792949  12615240'
b'   12729134  12594955  12622843  12782254  12950599  12620486  12792581  12614662'
b'   12730217  12596271  12625364  12785678  12952127  12621743  12793826  12615946'
b'   12730025  12596224  12627142  12787381  12952907  12621953  12794104  12616196'
b'   12729937  12596496  12629256  12790214  12953696  12622131  12794140  12616506'
b'   12729186  12595677  12629483  12791162  12953534  12621658  12793494  12615982'
b'   12729831  12596026  12631551  12793950  12954596  12622012  12793663  12616545'
b'   12728631  12594767  12633317  12797487  12954079  12620618  12792248  12615433'
b'   12729499  12595209  12636527  12802452  12955725  12621320  12792575  12616694'
b'   12728682  12594260  12639417  12806653  12955974  12620347  12791333  12616063'
b'   12728426  12593824  12644469  12814935  12956887  12619717  12789992  12615562'
b'   12727894  12592901  12648216  12820949  12957678  12619118  12788809  12615404'
b'   12726873  12591984  12650181  12824068  12958021  12618407  12787584  12614386'
b'   12726507  12591530  12654424  12831608  12959170  12618054  12786262  12613852'
b'   12725269  12590355  12655918  12836231  12959914  12617403  12784862  12612946'
b'   12724970  12589884  12657437  12839932  12961043  12617447  12784419  12612824'
b'   12724760  12589835  12659154  12841500  12962171  12617556  12784193  12612805'
b'   12722920  12588384  12660885  12842974  12961804  12616486  12782279  12611156'
b'   12722946  12588737  12665071  12848851  12963713  12617341  12781861  12610963'
b'   12721740  12588063  12667421  12853334  12964970  12617357  12780711  12609787'
b'   12721502  12588072  12668322  12855856  12966403  12618198  12780662  12609799'
b'   12721142  12588199  12670154  12857109  12967606  12618730  12780591  12609635'
b'   12721030  12588566  12672785  12859212  12968816  12619611  12780718  12609717'
b'   12720178  12588337  12677652  12861064  12968971  12619340  12779637  12608414'
b'   12719345  12587700  12680320  12863960  12970120  12619369  12779080  12608087'
b'   12719099  12588171  12684698  12867640  12972027  12620508  12779255  12608112'
b'   12718583  12587807  12687392  12870128  12973773  12621317  12779113  12608041'
b'   12718228  12587852  12688879  12872266  12975181  12622022  12779127  12607981'
b'   12718734  12588254  12690707  12875104  12977481  12623418  12779828  12608774'
b'   12718409  12588143  12693476  12878679  12978871  12623631  12779107  12608077'
b'   12717667  12587687  12695586  12880640  12979675  12623936  12778380  12607482'
b'   12716930  12587403  12700090  12882705  12980593  12624287  12777384  12606833'
b'   12716229  12586890  12701795  12884078  12981325  12624567  12776818  12606192'
b'   12715074  12585353  12700404  12883448  12980578  12623347  12775345  12604778'
b'   12715392  12585571  12702462  12885786  12981793  12624252  12775409  12604899'
b'   12715818  12586329  12703607  12886955  12982918  12625233  12776040  12605341'
b'   12714193  12584976  12703531  12888133  12982492  12624239  12774522  12603667'
b'   12714725  12585666  12704759  12888775  12983701  12625230  12775295  12604455'
b'   12713606  12584703  12704609  12886533  12983880  12625261  12774908  12603736'
b'   12713954  12585478  12706550  12887417  12984666  12626103  12775383  12604248'
b'   12713588  12584840  12704357  12885724  12984586  12625921  12775438  12604024'
b'   12712738  12584852  12706873  12886985  12985603  12626557  12774990  12603237'
b'   12711885  12584335  12707687  12887994  12985737  12626438  12774415  12602356'
b'   12712857  12585403  12707955  12890149  12987639  12627929  12775616  12603476'
b'   12713328  12585736  12707268  12889558  12989254  12629276  12776872  12604533'
b'   12712305  12584716  12705233  12887958  12988671  12628381  12776037  12603227'
b'   12712914  12586159  12708461  12890674  12990561  12630385  12777293  12604171'
b'   12712598  12586289  12709140  12890163  12991571  12631169  12777601  12604205'
b'   12713198  12587531  12711900  12893136  12993233  12632712  12778442  12604645'
b'   12712573  12587011  12711801  12894055  12994057  12632871  12778272  12604251'
b'   12713681  12588241  12713132  12896398  12995928  12634414  12779425  12605379'
b'   12713146  12587594  12712627  12896184  12996221  12634326  12779122  12604942'
b'   12712310  12586476  12711547  12894842  12995230  12633109  12777830  12603829'
b'   12713353  12587333  12712062  12896490  12996444  12634136  12778805  12604541'
b'   12711248  12584900  12709815  12895149  12994726  12631816  12776206  12602335'
b'   12711848  12584948  12707687  12894721  12994737  12631577  12776544  12602633'
b'   12712361  12585273  12708626  12894575  12995685  12632468  12777092  12603262'
b'   12712842  12585948  12709467  12894280  12995478  12632723  12777327  12603562'
b'   12713327  12586433  12708755  12893111  12996178  12633487  12778173  12604049'
b'   12713481  12586749  12709090  12893990  12996986  12634095  12778565  12604528'
b'   12712828  12586266  12708330  12890832  12996484  12633854  12778421  12604122'
b'   12712134  12586042  12709806  12889959  12996744  12634028  12778125  12603711'
b'   12711663  12586200  12711918  12889284  12996737  12634225  12777933  12603200'
b'   12711988  12586758  12711934  12889933  12997695  12635091  12778571  12603609'
b'   12712433  12587449  12713870  12891363  12998753  12636107  12779103  12604110'
b'   12710876  12586098  12712241  12889420  12997933  12635083  12778034  12602752'
b'   12712040  12587397  12713141  12889700  12999998  12636971  12779711  12604320'
b'   12711163  12586459  12712400  12890547  12999665  12636271  12778798  12603458'
b'   12710673  12586206  12712960  12889649  13000195  12636561  12778826  12603252'
b'   12710594  12586447  12713987  12890210  13001139  12637263  12779380  12603424'
b'   12710390  12586705  12713656  12889411  13001997  12638076  12780165  12603626'
b'   12711159  12587441  12714526  12891227  13003490  12639308  12780953  12604484'
b'   12710958  12587044  12713865  12890941  13004398  12639716  12780925  12604629'
b'   12710803  12587052  12714897  12892181  13004562  12639674  12780473  12603881'
b'   12711140  12586984  12712708  12890824  13004720  12639976  12781004  12604321'
b'   12711436  12587293  12712638  12889124  13004631  12640403  12781438  12604587'
b'   12712962  12588195  12707103  12885312  13003962  12640952  12783150  12605716'
b'   12713559  12588585  12702516  12884571  13003489  12641154  12784148  12605909'
b'   12712791  12587023  12697785  12882920  13001334  12639423  12783036  12604621'
b'   12714338  12588718  12695235  12878247  13000607  12640280  12784834  12605867'
b'   12715416  12589373  12691248  12873609  13000016  12640852  12786390  12606988'
b'   12715584  12589452  12684637  12867505  12997892  12640314  12787161  12606938'
b'   12717277  12591011  12680466  12862761  12997572  12641254  12789302  12608223'
b'   12718065  12591408  12673869  12854257  12995966  12641538  12790835  12609095'
b'   12719558  12592915  12666028  12845212  12994150  12642039  12792670  12609767'
b'   12721382  12594773  12661705  12838539  12993883  12643349  12795349  12611612'
b'   12722290  12595888  12655892  12830466  12992457  12643933  12796803  12612235'
b'   12724452  12598072  12651334  12823447  12992018  12645465  12799361  12613839'
b'   12725907  12599340  12642246  12810621  12990541  12646439  12802000  12615250'
b'   12726970  12601114  12635513  12799615  12989163  12647669  12803849  12615787'
b'   12728402  12602810  12633443  12796518  12988471  12648598  12805229  12616564'
b'   12730199  12604882  12633838  12796636  12988828  12649826  12807135  12618298'
b'   12731083  12605728  12634295  12796663  12988837  12650193  12808031  12619102'
b'   12730906  12605640  12633763  12796180  12987786  12649394  12807837  12618909'
b'   12730078  12604649  12632741  12795116  12986340  12647912  12806793  12618026'
b'   12731943  12605988  12633870  12796538  12986861  12648800  12807890  12619584'
b'   12732158  12605999  12633743  12796723  12986265  12648125  12807679  12619663'
b'   12732694  12605973  12633801  12797108  12985569  12647605  12807396  12619771'
b'   12732953  12606103  12633763  12797183  12984844  12646963  12807098  12619824'
b'   12733018  12605730  12633565  12797259  12983903  12646115  12806531  12619569'
b'   12733568  12605802  12633567  12797560  12983102  12645458  12806169  12619678'
b'   12733757  12605715  12633454  12797674  12982336  12644853  12805826  12619660'
b'   12734446  12606276  12634247  12798461  12982279  12645022  12806332  12620181'
b'   12734241  12606135  12634170  12798264  12981486  12644364  12805950  12619943'
b'   12732806  12604684  12632764  12797009  12979629  12642633  12804466  12618465'
b'   12733326  12605031  12633423  12797499  12979606  12642616  12804902  12618986'
b'   12732566  12604422  12632701  12796903  12978634  12641626  12804016  12618167'
b'   12733260  12604970  12633334  12797539  12978773  12641934  12804550  12618852'
b'   12733509  12605344  12633858  12797886  12978770  12642011  12804800  12619265'
b'   12734299  12606043  12634586  12798709  12979165  12642533  12805495  12619969'
b'   12733987  12605642  12634349  12798356  12978512  12641917  12805042  12619692'
b'   12733848  12605495  12634410  12798206  12978240  12641639  12804981  12619546'
b'   12733301  12604944  12633835  12797830  12977613  12640877  12804357  12619128'
b'   12734914  12606846  12636018  12799564  12979269  12642667  12806371  12620937'
b'   12734866  12606836  12636026  12799601  12979121  12642591  12806317  12621059'
b'   12734044  12606108  12635402  12798902  12978330  12641821  12805586  12620370'
b'   12734356  12606084  12635560  12799023  12978493  12641835  12805638  12620538'
b'   12734160  12605864  12635361  12799011  12978200  12641420  12805369  12620389'
b'   12734227  12605627  12635174  12798931  12977838  12641054  12804852  12620283'
b'   12734657  12605736  12635258  12799304  12977693  12640862  12804962  12620451'
b'   12734896  12605599  12635234  12799368  12977427  12640570  12804593  12620476'
b'   12734411  12604678  12634346  12798822  12976039  12639265  12803368  12619587'
b'   12734832  12604885  12634500  12799308  12975841  12639116  12803409  12619813'
b'   12733920  12603860  12633471  12798455  12974522  12637661  12802019  12618695'
b'   12736379  12606318  12636105  12800826  12976318  12639913  12804337  12621037'
b'   12735126  12605004  12634917  12799590  12974956  12638562  12803128  12619821'
b'   12735014  12605072  12634949  12799577  12974692  12638173  12803022  12619669'
b'   12734820  12604787  12634946  12799356  12974233  12638035  12802904  12619533'
b'   12735526  12605556  12635713  12800137  12974748  12638476  12803561  12620289'
