b'   12274745  12117716  12154954  12360756  12538891  12176661  12338779  12192663'
b'   12310368  12150910  12187114  12395930  12574113  12207766  12373745  12228302'
b'   12377126  12211828  12246440  12460080  12638799  12265181  12441263  12290804'
b'   12402667  12234441  12268521  12484136  12663137  12286743  12467793  12314005'
b'   12418574  12248319  12282061  12498636  12678057  12300114  12483904  12328212'
b'   12428625  12256888  12290391  12507504  12687527  12308346  12494179  12337099'
b'   12439306  12266526  12299896  12517331  12697516  12317922  12504845  12346956'
b'   12446075  12272321  12305649  12523378  12703823  12323629  12511418  12352833'
b'   12451067  12276585  12309832  12527726  12708511  12327765  12516367  12357272'
b'   12455926  12280834  12313899  12531993  12713043  12331863  12521070  12361512'
b'   12459058  12283480  12316528  12534811  12716059  12334491  12524278  12364245'
b'   12464357  12288355  12321282  12539571  12720903  12339223  12529331  12369253'
b'   12466647  12290315  12323168  12541481  12723184  12341032  12531488  12371358'
b'   12468805  12292136  12324917  12543397  12725197  12342779  12533627  12373006'
b'   12472798  12295942  12328510  12547017  12728993  12346484  12537384  12376645'
b'   12474588  12297530  12330154  12548638  12730677  12347909  12538983  12378130'
b'   12477268  12299880  12332279  12550872  12733036  12350206  12541370  12380606'
b'   12479738  12302101  12334411  12552928  12735312  12352321  12543771  12382898'
b'   12482031  12304062  12336309  12554735  12737295  12354141  12545799  12385052'
b'   12483176  12305137  12337347  12555941  12738464  12355199  12547030  12386046'
b'   12483249  12305151  12337358  12555931  12738585  12355093  12546949  12385869'
b'   12484125  12306097  12338130  12556980  12739636  12355819  12547969  12386472'
b'   12486266  12308061  12340216  12559095  12741679  12357893  12549927  12388288'
b'   12487952  12309718  12341776  12560678  12743375  12359464  12551534  12389767'
b'   12489841  12311606  12343678  12562509  12745062  12361269  12553258  12391317'
b'   12490379  12311803  12343948  12562918  12745524  12361479  12553640  12391489'
b'   12490979  12312283  12344311  12563217  12745958  12361836  12554026  12391723'
b'   12492124  12313208  12345169  12564152  12746810  12362598  12554879  12392475'
b'   12493276  12314065  12345903  12564780  12747555  12363131  12555524  12393063'
b'   12494686  12315533  12347251  12566335  12749221  12364819  12556866  12394382'
b'   12495943  12316887  12348713  12567562  12750454  12366070  12558214  12395714'
b'   12497597  12318566  12350346  12569195  12752248  12367676  12559752  12397359'
b'   12498553  12319500  12351258  12570010  12752875  12368457  12560528  12397993'
b'   12498475  12319390  12351138  12569757  12752873  12368193  12560224  12397787'
b'   12500936  12321968  12353627  12572298  12755150  12370620  12562752  12400098'
b'   12501488  12322552  12354206  12572698  12755622  12371142  12563169  12400589'
b'   12501372  12322453  12354080  12572682  12755687  12371011  12563136  12400387'
b'   12502104  12323108  12354731  12573095  12756239  12371453  12563644  12400832'
b'   12502549  12323640  12355337  12573709  12756764  12371819  12564474  12401322'
b'   12504071  12325456  12356972  12575147  12758154  12373368  12565959  12402850'
b'   12504205  12325568  12357134  12575116  12758254  12373399  12566132  12402785'
b'   12505037  12326364  12357997  12575850  12759006  12374038  12566781  12403418'
b'   12506664  12327906  12359529  12577320  12760757  12375678  12568357  12404985'
b'   12505802  12326759  12358412  12576406  12760093  12374752  12567373  12403880'
b'   12506557  12327443  12358987  12577044  12760685  12375450  12568160  12404323'
b'   12507433  12328221  12359624  12577797  12761414  12376118  12568862  12405141'
b'   12507476  12327866  12359153  12577632  12760864  12375702  12568748  12404948'
b'   12508629  12328833  12359943  12578597  12761722  12376663  12569576  12405972'
b'   12509547  12329584  12360529  12579353  12762375  12377363  12570378  12406764'
b'   12510720  12330681  12361588  12580429  12763352  12378415  12571480  12407686'
b'   12509905  12329850  12360820  12579599  12762426  12377377  12570712  12406829'
b'   12510002  12329940  12360888  12579619  12762413  12377369  12570729  12406631'
b'   12510757  12330736  12361636  12580287  12763019  12378097  12571440  12407441'
b'   12512048  12331869  12362897  12581468  12764238  12379174  12572683  12408384'
b'   12512288  12332317  12363305  12581603  12764550  12379528  12572910  12408642'
b'   12511874  12331898  12362844  12581124  12764244  12379005  12572508  12408129'
b'   12513379  12333531  12364515  12582660  12765696  12380518  12574008  12409583'
b'   12513317  12333451  12364425  12582548  12765477  12380311  12573882  12409472'
b'   12514094  12334361  12365379  12583210  12766280  12381120  12574666  12410129'
b'   12514975  12335203  12366287  12584185  12767135  12382079  12575377  12410910'
b'   12514632  12334961  12365906  12583738  12766780  12381620  12574652  12410512'
b'   12514832  12335167  12366270  12583907  12767073  12381704  12574782  12410645'
b'   12516266  12336972  12368254  12585418  12768778  12383362  12576441  12412242'
b'   12516273  12337111  12368326  12585416  12768848  12383545  12576602  12412394'
b'   12516131  12337022  12368248  12585274  12768741  12383281  12576375  12412161'
b'   12517214  12337961  12369179  12586127  12769712  12384224  12577209  12413094'
b'   12516296  12336902  12367891  12585068  12768665  12383150  12576203  12412026'
b'   12517738  12338231  12369223  12586436  12769903  12384492  12577420  12413426'
b'   12517794  12338089  12369083  12586345  12769649  12384314  12577552  12413467'
b'   12517627  12337534  12368303  12586017  12769165  12383814  12576944  12412876'
b'   12518111  12337872  12368684  12586464  12769591  12384266  12577191  12413149'
b'   12518392  12338209  12368896  12586733  12769722  12384340  12577220  12413250'
b'   12518647  12338192  12368963  12586837  12769927  12384286  12577191  12413246'
b'   12517674  12337366  12368035  12585842  12768941  12383191  12576166  12412110'
b'   12518302  12338143  12368728  12586467  12769494  12383904  12576868  12412753'
b'   12517762  12337404  12368101  12585938  12768848  12383224  12576293  12412099'
b'   12518434  12338335  12368889  12586551  12769534  12383982  12577032  12412861'
b'   12519573  12339556  12370108  12587574  12770499  12385058  12578131  12413953'
b'   12518633  12338650  12369107  12586612  12769650  12384051  12577262  12413046'
b'   12520688  12340817  12371373  12588552  12771555  12386180  12579248  12415115'
b'   12520603  12340855  12371339  12588605  12771462  12385995  12579263  12415104'
b'   12521093  12341337  12371867  12588871  12771968  12386455  12579837  12415573'
b'   12521412  12341733  12372103  12589165  12772129  12386932  12580151  12415831'
b'   12520883  12341138  12371563  12588598  12771658  12386344  12579638  12415293'
b'   12521290  12341905  12372327  12589025  12772257  12387018  12580685  12416127'
b'   12521943  12342631  12373053  12589538  12772836  12387670  12581372  12416856'
b'   12521726  12342417  12372912  12589358  12772778  12387550  12581279  12416719'
b'   12522962  12343666  12374005  12590415  12773966  12388875  12582630  12418078'
b'   12522363  12342865  12373446  12589795  12773387  12388107  12581759  12417330'
b'   12522020  12342438  12372886  12589320  12772889  12387617  12581095  12416785'
b'   12522694  12343053  12373393  12590062  12773443  12388144  12581468  12417399'
b'   12523778  12343917  12374314  12591014  12774291  12388937  12582078  12418059'
b'   12523627  12343582  12373931  12590854  12773892  12388527  12581509  12417638'
b'   12523077  12342803  12373135  12590235  12773341  12387702  12580724  12416764'
b'   12524014  12343581  12373874  12590933  12773986  12388327  12581182  12417419'
b'   12523603  12343088  12373367  12590476  12773410  12387775  12580672  12416748'
b'   12524444  12344039  12374260  12591298  12774079  12388495  12581380  12417533'
b'   12524521  12344251  12374354  12591317  12774184  12388534  12581628  12417519'
b'   12523532  12343130  12373261  12590168  12773074  12387501  12580483  12416489'
b'   12523957  12343732  12373848  12590729  12773561  12388043  12581062  12417007'
b'   12523983  12343861  12373938  12590780  12773614  12388062  12581205  12417109'
b'   12524850  12344770  12374898  12591534  12774308  12388962  12581975  12417961'
b'   12524536  12344545  12374722  12591020  12774064  12388655  12581835  12417735'
b'   12524641  12344581  12374673  12590967  12774079  12388654  12581915  12417693'
b'   12525244  12345262  12375487  12591754  12774799  12389479  12582665  12418439'
b'   12523247  12343377  12373479  12589648  12772838  12387456  12580816  12416513'
b'   12524557  12344784  12374888  12590861  12774120  12388947  12582317  12417929'
b'   12524864  12345202  12375289  12591037  12774597  12389345  12582802  12418355'
b'   12524620  12345127  12375210  12590962  12774783  12389269  12582862  12418362'
b'   12525153  12345769  12376008  12591408  12775723  12390246  12583810  12419242'
b'   12525653  12346161  12376437  12591912  12776176  12390776  12584215  12419661'
b'   12526605  12346981  12377211  12592716  12776906  12391451  12585130  12420561'
b'   12527144  12347435  12377569  12593085  12777304  12391735  12585332  12420858'
b'   12527121  12347164  12377238  12593050  12776982  12391530  12585001  12420634'
b'   12526448  12346300  12376412  12592305  12776082  12390492  12584025  12419628'
b'   12527194  12346843  12376944  12593036  12776537  12390984  12584457  12420187'
b'   12528018  12347176  12377560  12593871  12777520  12394120  12585311  12420253'
b'   12525582  12344679  12375222  12591908  12776446  12394649  12584198  12417855'
b'   12527282  12346404  12377017  12593588  12777996  12396837  12586354  12419311'
b'   12525824  12345001  12375861  12592446  12777385  12396915  12585312  12417902'
b'   12526696  12346031  12376717  12593165  12777183  12394933  12585231  12418748'
b'   12527047  12346599  12376965  12593236  12776331  12392330  12584606  12419107'
b'   12528323  12347926  12377922  12593947  12776628  12391687  12585039  12420261'
b'   12528239  12347797  12377964  12593920  12776579  12391561  12584922  12420361'
b'   12527023  12346740  12376729  12592729  12775421  12390357  12583763  12419235'
b'   12527754  12347391  12377484  12593376  12776023  12390925  12584528  12419907'
b'   12527513  12347260  12377241  12593111  12775944  12390835  12584461  12419881'
b'   12526903  12346710  12376619  12592402  12775316  12390211  12583875  12419291'
b'   12527646  12347387  12377354  12593062  12776045  12390925  12584598  12420071'
b'   12528749  12348701  12378688  12594251  12777466  12392376  12586121  12421382'
b'   12528065  12348197  12378115  12593431  12777125  12391976  12585770  12420979'
b'   12529136  12349526  12379439  12594482  12778473  12393209  12587184  12422241'
b'   12529850  12350141  12380099  12595100  12779223  12394058  12588011  12422971'
b'   12528447  12348498  12378479  12593657  12778062  12392673  12586463  12421644'
b'   12528438  12348434  12378318  12593550  12777932  12392414  12586203  12421522'
b'   12529104  12348994  12378843  12594180  12778318  12392980  12586552  12422060'
b'   12528571  12348242  12378086  12593591  12777542  12392034  12585504  12421339'
b'   12528962  12348483  12378292  12593929  12777499  12392093  12585481  12421308'
b'   12528275  12347532  12377287  12593263  12776559  12391014  12584406  12420328'
b'   12528018  12347168  12376875  12592815  12775859  12390365  12583775  12419746'
b'   12528057  12347110  12376762  12592900  12775433  12390012  12583363  12419502'
b'   12528207  12347293  12376840  12592903  12775457  12390112  12583515  12419558'
b'   12527269  12346402  12375974  12592051  12774564  12389196  12582808  12418703'
b'   12527895  12347093  12376766  12592591  12775077  12389936  12583524  12419461'
b'   12528362  12347740  12377303  12593036  12775581  12390438  12584116  12419875'
b'   12529407  12348820  12378348  12594014  12776436  12391536  12585190  12421011'
b'   12528412  12347653  12377201  12592870  12775513  12390436  12584092  12419819'
b'   12529317  12348826  12378449  12593934  12776572  12391592  12585338  12420978'
b'   12528348  12347813  12377360  12592888  12775678  12390714  12584495  12420126'
b'   12530009  12349653  12379168  12594443  12777264  12392443  12585996  12421861'
b'   12529138  12348778  12378404  12593467  12776711  12391697  12585490  12421211'
b'   12528757  12348575  12378146  12593275  12776550  12391633  12585435  12421020'
b'   12529846  12349781  12379336  12594145  12777892  12392859  12586671  12422190'
b'   12530379  12350563  12380169  12594752  12778927  12393997  12587783  12423158'
b'   12529983  12350088  12379710  12594325  12778698  12393644  12587359  12422832'
b'   12529874  12349962  12379686  12594145  12778681  12393580  12587157  12422721'
b'   12529111  12348871  12378576  12593306  12777826  12392492  12586170  12421782'
b'   12530007  12349455  12379191  12594057  12778353  12393114  12586688  12422417'
b'   12529529  12348934  12378549  12593452  12777644  12392466  12585891  12421793'
b'   12529386  12348669  12378191  12593459  12777336  12392349  12585745  12421420'
b'   12529292  12348167  12377668  12593289  12776389  12391516  12584753  12420811'
b'   12529233  12347986  12377517  12593140  12776034  12391351  12584575  12420358'
b'   12529206  12348057  12377417  12593069  12775902  12391561  12584739  12420291'
b'   12529748  12348812  12378216  12593744  12776474  12392827  12585984  12420908'
b'   12529027  12348128  12377577  12593063  12775805  12392223  12585339  12420274'
b'   12530252  12349363  12378812  12594075  12777007  12393337  12586608  12421411'
b'   12530081  12349089  12378561  12593790  12776531  12392633  12585948  12421189'
b'   12529096  12348367  12377784  12592881  12775743  12391764  12585174  12420389'
b'   12530245  12349608  12378901  12594005  12776696  12392346  12586011  12421547'
b'   12529201  12348540  12377847  12592925  12775823  12391305  12585011  12420531'
b'   12528637  12347950  12377343  12592316  12775394  12390919  12585083  12420003'
b'   12531238  12350722  12380124  12594925  12778090  12394244  12588403  12422789'
b'   12532096  12351717  12381181  12595676  12779126  12395691  12589651  12423790'
b'   12528911  12348512  12377987  12592624  12776547  12393328  12587388  12420722'
b'   12530327  12350260  12379883  12594216  12778838  12396956  12590614  12422825'
b'   12530323  12350285  12380114  12594189  12778992  12396831  12590634  12422842'
b'   12529640  12349598  12379413  12593562  12778716  12397404  12590850  12422346'
b'   12530036  12349704  12379718  12593840  12779246  12398989  12591655  12422584'
b'   12529344  12348960  12379114  12593412  12779352  12400995  12592899  12422012'
b'   12529821  12349361  12379785  12594010  12780278  12405269  12595622  12422416'
b'   12528584  12347804  12378361  12593100  12779539  12406834  12596295  12420862'
b'   12528823  12348026  12378757  12593484  12779888  12408079  12597311  12420740'
b'   12529108  12348337  12379133  12593888  12780016  12409828  12598787  12420913'
b'   12528496  12347837  12378891  12593611  12779849  12411316  12600032  12420211'
b'   12528903  12348711  12379805  12594094  12780122  12412118  12601281  12420506'
b'   12527776  12348153  12379452  12593398  12779784  12413991  12602889  12419887'
b'   12528318  12349075  12380570  12594100  12780625  12416599  12605272  12420740'
b'   12527965  12349451  12381317  12594173  12781548  12420591  12608734  12420932'
b'   12528135  12350210  12382235  12594361  12782584  12423543  12611600  12421655'
b'   12527130  12349390  12381546  12593646  12782218  12424592  12612396  12420884'
b'   12526627  12349491  12381911  12593675  12783093  12428318  12615287  12420966'
b'   12526723  12350134  12382837  12594226  12784406  12432550  12619085  12421488'
b'   12526176  12350128  12383065  12593837  12784945  12435752  12621726  12421536'
b'   12526005  12350688  12383587  12593805  12785761  12438581  12624405  12421690'
b'   12525914  12351345  12384380  12594106  12787120  12441780  12627227  12422319'
b'   12525930  12352171  12385593  12594616  12788520  12445597  12630540  12423139'
b'   12526258  12353305  12387137  12595367  12790519  12450125  12634536  12424310'
b'   12526308  12354094  12388004  12595496  12791576  12453391  12637352  12425014'
b'   12525397  12353537  12387844  12595140  12791865  12455081  12638727  12424482'
b'   12525970  12354678  12389167  12595969  12793152  12458894  12641846  12425362'
b'   12524960  12354065  12388778  12595355  12793115  12460856  12643394  12424639'
b'   12524970  12354680  12389602  12595784  12793980  12463918  12645924  12424880'
b'   12523609  12353878  12388910  12594828  12793377  12465278  12646852  12423712'
b'   12523891  12354681  12389819  12595447  12794274  12467651  12649011  12424059'
b'   12524097  12354970  12389967  12595615  12793957  12468129  12649262  12423832'
b'   12523560  12354713  12389753  12595320  12793493  12468131  12649316  12423344'
b'   12523562  12355188  12390190  12595496  12793729  12468741  12649889  12423451'
b'   12522975  12354863  12390060  12595397  12794286  12470410  12651261  12422823'
b'   12522592  12354972  12390524  12595335  12794683  12472062  12652798  12422798'
b'   12523489  12356429  12391954  12596699  12796491  12474758  12655191  12423873'
b'   12523194  12356482  12392066  12596844  12796880  12475213  12656033  12423790'
b'   12522381  12355922  12391681  12596072  12796201  12475068  12655979  12423069'
b'   12523013  12357060  12392755  12596833  12797233  12477144  12657963  12424060'
b'   12523008  12357676  12393366  12597172  12797917  12479001  12659798  12424355'
b'   12522253  12357262  12393276  12596499  12797927  12480895  12661544  12423834'
b'   12521742  12357407  12393634  12596566  12798390  12482614  12663236  12423782'
b'   12522855  12359251  12395490  12597786  12799876  12485436  12665947  12425311'
b'   12521794  12358821  12395273  12596935  12799598  12486739  12666825  12424603'
b'   12522528  12359897  12396514  12597705  12800800  12487731  12667796  12425735'
b'   12522573  12360389  12397218  12598003  12801726  12489190  12669023  12426081'
b'   12521924  12360362  12397326  12597729  12802097  12491032  12670687  12425962'
b'   12522636  12361409  12398553  12598664  12803513  12493917  12673053  12426779'
b'   12521607  12360768  12397896  12597876  12802949  12493910  12673092  12425738'
b'   12521958  12361304  12398513  12598429  12803604  12495342  12674194  12426106'
b'   12521259  12360811  12398088  12597919  12803155  12495110  12673835  12425196'
b'   12521779  12361450  12398705  12598572  12803390  12496220  12674751  12425257'
b'   12521186  12361381  12398502  12598281  12803124  12497161  12675506  12424600'
b'   12521496  12361891  12399081  12598647  12803114  12497447  12675860  12424804'
b'   12521393  12362098  12399271  12598608  12802870  12497631  12676031  12424346'
b'   12521158  12362144  12399286  12598599  12802870  12498341  12676609  12424101'
b'   12521424  12363029  12400488  12599053  12803646  12500559  12678685  12424701'
b'   12520860  12362908  12400278  12598675  12803498  12501347  12679450  12424172'
b'   12520333  12363067  12400536  12598568  12803797  12502521  12680641  12423958'
b'   12521881  12364733  12402315  12599961  12804997  12503811  12682024  12425482'
b'   12522042  12365221  12402647  12600146  12805426  12504507  12682650  12425831'
b'   12521968  12365554  12403157  12600492  12806226  12506429  12684379  12425810'
b'   12522109  12366082  12403849  12600857  12806862  12507304  12685137  12426278'
b'   12521578  12365533  12403322  12600292  12806154  12506305  12684225  12425577'
b'   12521167  12365309  12403214  12600109  12806229  12506320  12684312  12425416'
b'   12521853  12366225  12404241  12600763  12807187  12507975  12685788  12426137'
b'   12522634  12367466  12405534  12601647  12808529  12509394  12687110  12427256'
b'   12524133  12368415  12406478  12602384  12809565  12510369  12688058  12427964'
b'   12521881  12366919  12405248  12601068  12808278  12508328  12686193  12426654'
b'   12522221  12367562  12405923  12601587  12809027  12509189  12686704  12427232'
b'   12521392  12366203  12404412  12600558  12807695  12506595  12684068  12425941'
b'   12523275  12367700  12405909  12602075  12808624  12506534  12684095  12427467'
b'   12522067  12366326  12404445  12600666  12806687  12503729  12681472  12426092'
b'   12522069  12365815  12403684  12600233  12805498  12501221  12679071  12425469'
b'   12523366  12366402  12403941  12601114  12804983  12499037  12677087  12426061'
b'   12524418  12366913  12404259  12601722  12804855  12497475  12675673  12426414'
b'   12523924  12365888  12402983  12600933  12803118  12493241  12671888  12425260'
b'   12524743  12365917  12402665  12601331  12802266  12488865  12668274  12425006'
b'   12526071  12365542  12401883  12601488  12799975  12479339  12660353  12425119'
b'   12527552  12365371  12400890  12601787  12798394  12469669  12652074  12425067'
b'   12528090  12364409  12399266  12601329  12795890  12459180  12643101  12424517'
b'   12529969  12364782  12398800  12602041  12794633  12449390  12635225  12425240'
b'   12532456  12365774  12399151  12603624  12794531  12441833  12629523  12426727'
b'   12531544  12364215  12397226  12602249  12792925  12437708  12625626  12425465'
b'   12532363  12364163  12396634  12602294  12791938  12431076  12620433  12425793'
b'   12533668  12364609  12396348  12602725  12790848  12422500  12613729  12426447'
b'   12534979  12364723  12395676  12603023  12789810  12413488  12605759  12426759'
b'   12535356  12364268  12394628  12602879  12788869  12407172  12600372  12426467'
b'   12535337  12363870  12394078  12602235  12788076  12405016  12598796  12426759'
b'   12537310  12365589  12395617  12603766  12789502  12405475  12599426  12428601'
b'   12537639  12365792  12395731  12603847  12789449  12405041  12598930  12429001'
b'   12538456  12366326  12396243  12604208  12789935  12405156  12599281  12430129'
b'   12536943  12364471  12394335  12602601  12788355  12403070  12597296  12428731'
b'   12537663  12364879  12394637  12603055  12788789  12403210  12597343  12429380'
b'   12537402  12364220  12393908  12602615  12788248  12402418  12596569  12428900'
b'   12537170  12363366  12392951  12602064  12787611  12401547  12595544  12428334'
b'   12538302  12364348  12393743  12602995  12788388  12402281  12596301  12429358'
b'   12536950  12362554  12392030  12601464  12786765  12400499  12594507  12427651'
b'   12537861  12362961  12392381  12602208  12787179  12400648  12594405  12427905'
b'   12537390  12362303  12391638  12601580  12786435  12399900  12593526  12427324'
b'   12536847  12361502  12390738  12600923  12785602  12399110  12592806  12426634'
b'   12537576  12362257  12391443  12601543  12786319  12399930  12593590  12427376'
b'   12537161  12361797  12390855  12601066  12785743  12399427  12593201  12426995'
b'   12536972  12361547  12390593  12600769  12785422  12399244  12593138  12426868'
b'   12537518  12361885  12390908  12601131  12785738  12399693  12593607  12427389'
b'   12536474  12360665  12389763  12599960  12784678  12398645  12592690  12426434'
b'   12536864  12361049  12390060  12600311  12785039  12399163  12593287  12426922'
b'   12536276  12360400  12389477  12599598  12784352  12398638  12592771  12426392'
b'   12537048  12361162  12390180  12600234  12785168  12399620  12594098  12427460'
b'   12537005  12361144  12390076  12600188  12785150  12399542  12593943  12427537'
b'   12536027  12360040  12388955  12599122  12784072  12398601  12592970  12426571'
b'   12537460  12361550  12390494  12600378  12785559  12400269  12594581  12428176'
b'   12536876  12361204  12390144  12599838  12785245  12400096  12594556  12428110'
b'   12535927  12360140  12389208  12598929  12784448  12399291  12593765  12427447'
b'   12535994  12360148  12389160  12598777  12784531  12399462  12594031  12427654'
b'   12536830  12360892  12389932  12599581  12785433  12400442  12594949  12428764'
b'   12536427  12360092  12389063  12598897  12784799  12399784  12594098  12428058'
b'   12536765  12360380  12389198  12599220  12784937  12400088  12594309  12428445'
b'   12537259  12360552  12389434  12599536  12785247  12400402  12594447  12428724'
b'   12536815  12359786  12388661  12599030  12784709  12399656  12593521  12428013'
b'   12536260  12358944  12387749  12598359  12783863  12398800  12592462  12427119'
b'   12535496  12357814  12386579  12597513  12782943  12397726  12591385  12425950'
b'   12535293  12357687  12386415  12597473  12782539  12397462  12591203  12425527'
b'   12535755  12358010  12386642  12597696  12782821  12397847  12591602  12425887'
b'   12535966  12358246  12386816  12597898  12783006  12398167  12591821  12426067'
b'   12535884  12358225  12386860  12597735  12782845  12398142  12591894  12426189'
