b'   12002957  11884090  11905615  11923812  12144894  11956364  12113587  11920768'
b'   12041117  11918974  11939055  11959573  12180654  11988543  12150092  11954418'
b'   12118580  11987630  12004838  12029273  12252057  12053785  12226338  12022816'
b'   12149934  12014696  12030749  12056891  12280306  12080132  12257775  12049484'
b'   12166619  12028771  12044180  12071213  12295227  12094036  12274549  12063421'
b'   12177916  12038190  12053027  12080719  12305226  12103311  12285671  12072707'
b'   12188347  12047187  12061826  12089823  12314715  12112435  12295962  12081871'
b'   12194255  12051963  12066372  12094784  12320041  12117192  12301717  12086746'
b'   12200252  12057026  12071298  12099777  12325431  12122291  12307559  12091873'
b'   12205389  12061405  12075358  12104055  12330277  12126730  12312441  12096739'
b'   12208792  12064113  12078164  12106767  12333304  12129544  12315804  12099480'
b'   12211521  12066478  12080236  12109085  12335891  12131624  12318342  12101732'
b'   12216029  12070690  12084374  12113349  12340236  12135947  12322713  12105729'
b'   12219017  12073353  12086906  12116112  12342874  12138518  12325550  12108288'
b'   12221174  12075214  12088793  12117953  12344920  12140293  12327552  12109934'
b'   12226828  12080773  12094212  12123423  12350200  12145729  12333050  12115125'
b'   12225415  12079040  12092497  12122086  12348753  12143961  12331581  12112891'
b'   12225986  12079629  12093001  12122632  12349248  12144328  12332146  12112976'
b'   12228399  12081809  12095206  12124837  12351360  12146471  12334413  12114794'
b'   12228412  12081631  12094918  12124726  12351249  12146137  12334269  12114305'
b'   12231739  12084866  12098094  12127895  12354357  12149252  12337462  12117252'
b'   12231794  12084680  12097892  12127699  12354201  12148940  12337311  12116887'
b'   12233815  12086523  12099772  12129540  12356153  12150716  12339166  12118655'
b'   12234517  12087061  12100223  12129916  12356762  12151224  12339780  12119101'
b'   12236506  12088974  12102133  12131950  12358647  12152965  12341714  12120908'
b'   12238080  12090408  12103581  12133319  12360083  12154406  12343197  12122349'
b'   12238371  12090533  12103765  12133510  12360472  12154606  12343483  12122407'
b'   12240165  12092212  12105307  12135064  12362119  12156187  12345154  12124212'
b'   12241995  12094109  12107238  12137020  12364026  12158006  12346989  12125980'
b'   12241899  12093792  12106865  12136668  12363865  12157596  12346823  12125720'
b'   12243970  12095908  12108956  12138645  12365910  12159651  12348908  12127883'
b'   12245141  12096901  12109935  12139581  12367107  12160618  12349982  12129072'
b'   12246165  12097765  12110886  12140589  12368080  12161541  12351008  12129996'
b'   12246915  12098482  12111478  12141171  12368862  12162196  12351719  12130849'
b'   12247388  12098761  12111863  12141478  12369605  12162697  12352274  12131671'
b'   12247819  12099218  12112198  12141798  12370060  12163026  12352761  12132016'
b'   12248098  12099458  12112470  12142203  12370416  12163309  12353129  12132370'
b'   12248233  12099589  12112587  12142374  12370564  12163398  12353297  12132431'
b'   12249048  12100339  12113331  12143268  12371332  12164096  12353897  12133035'
b'   12250035  12101370  12114341  12144400  12372255  12164943  12354797  12133800'
b'   12250373  12101773  12114556  12144730  12372526  12165232  12355069  12133889'
b'   12251998  12103608  12116511  12146541  12373965  12166737  12356553  12134996'
b'   12251617  12103064  12115873  12146153  12373353  12166046  12356032  12134242'
b'   12251757  12103329  12116056  12146422  12373440  12166139  12356226  12134337'
b'   12252197  12103645  12116404  12146766  12373783  12166480  12356623  12134527'
b'   12252772  12103983  12116740  12146959  12373971  12166606  12356902  12134985'
b'   12252773  12103890  12116661  12146855  12373943  12166452  12356803  12134991'
b'   12253696  12104690  12117352  12147653  12374772  12167180  12357594  12135779'
b'   12255076  12106093  12118770  12149021  12376115  12168504  12359007  12137043'
b'   12255182  12106048  12118840  12149027  12376200  12168438  12358991  12137069'
b'   12255272  12106140  12118907  12149068  12376360  12168546  12359073  12137119'
b'   12256229  12107153  12119847  12150043  12377424  12169399  12360059  12138068'
b'   12256772  12107782  12120443  12150683  12378097  12170055  12360701  12138651'
b'   12256865  12107812  12120593  12150754  12378271  12170193  12360894  12138748'
b'   12257067  12107933  12120717  12150873  12378457  12170252  12360888  12138727'
b'   12258103  12109044  12122136  12152239  12379725  12171082  12361790  12139784'
b'   12258500  12109288  12122196  12152232  12379991  12171596  12362318  12140071'
b'   12260053  12110927  12123892  12153779  12381638  12173169  12363788  12141499'
b'   12259979  12110857  12123792  12153659  12381884  12173207  12363791  12141293'
b'   12259716  12110627  12123737  12153553  12381706  12172981  12363598  12141120'
b'   12261000  12111844  12125082  12154813  12383040  12174238  12364803  12142394'
b'   12261434  12112341  12125285  12155151  12383387  12174658  12365298  12142714'
b'   12261974  12112787  12125801  12155713  12383926  12174984  12365780  12143034'
b'   12261046  12111903  12124784  12154856  12383025  12174108  12364883  12142194'
b'   12262260  12112986  12125848  12156048  12384090  12175154  12365938  12143328'
b'   12261371  12111963  12124804  12155207  12383122  12174161  12364936  12142431'
b'   12263059  12113507  12126179  12156894  12384551  12175625  12366425  12144115'
b'   12263002  12113307  12126239  12156800  12384436  12175418  12366321  12143981'
b'   12262865  12113297  12126209  12156816  12384254  12175281  12366220  12143826'
b'   12261954  12112269  12125248  12155857  12383156  12174146  12365169  12142777'
b'   12262987  12113447  12126359  12156889  12384186  12175251  12366272  12143755'
b'   12262914  12113352  12126201  12156760  12384033  12175077  12366205  12143571'
b'   12262567  12113073  12125991  12156589  12383851  12174758  12365839  12143123'
b'   12263667  12114232  12127166  12157670  12385121  12175873  12366936  12144270'
b'   12263938  12114504  12127468  12157805  12385459  12176229  12367265  12144542'
b'   12262726  12113371  12126382  12156832  12384455  12175042  12366231  12143371'
b'   12264881  12115742  12128660  12158924  12386668  12177276  12368435  12145516'
b'   12264705  12115556  12128499  12158769  12386499  12177122  12368137  12145282'
b'   12265848  12116770  12129796  12160074  12387660  12178270  12369497  12146481'
b'   12264906  12115950  12128949  12159072  12386919  12177517  12368677  12145610'
b'   12265147  12116397  12129334  12159410  12387356  12177966  12369232  12145951'
b'   12265603  12117038  12129995  12159980  12388028  12178681  12369899  12146444'
b'   12266414  12118027  12131094  12160935  12389057  12179566  12370940  12147522'
b'   12266459  12118081  12131302  12160935  12389336  12179837  12371285  12147674'
b'   12265382  12116910  12129957  12159730  12388429  12178647  12370111  12146475'
b'   12266415  12117796  12131053  12160895  12389526  12179790  12371230  12147539'
b'   12266512  12117694  12130894  12160792  12389431  12179600  12370988  12147400'
b'   12265938  12116923  12130089  12160172  12388890  12178970  12370193  12146801'
b'   12265091  12115936  12129005  12159318  12387898  12177833  12369178  12145791'
b'   12266379  12117102  12130035  12160629  12389000  12178937  12370247  12146991'
b'   12266946  12117494  12130189  12161119  12389133  12178892  12370170  12147340'
b'   12265988  12116187  12129134  12160047  12387930  12177623  12368916  12146215'
b'   12266246  12116403  12129175  12160396  12387850  12177683  12369035  12146224'
b'   12266974  12117301  12130130  12161246  12388627  12178457  12369760  12146893'
b'   12267238  12117653  12130441  12161525  12388944  12178802  12370168  12147218'
b'   12268079  12118641  12131524  12162437  12389884  12179622  12371013  12148089'
b'   12268586  12119114  12132167  12162864  12390369  12180142  12371556  12148587'
b'   12268370  12119228  12132146  12162867  12390299  12180202  12371657  12148548'
b'   12267741  12118579  12131424  12162209  12389593  12179587  12370969  12147833'
b'   12268865  12119656  12132732  12163312  12390846  12180721  12372130  12148999'
b'   12268803  12119618  12132545  12163172  12390891  12180716  12372130  12148806'
b'   12269014  12119973  12132941  12163556  12391289  12181111  12372533  12149113'
b'   12268215  12119172  12132097  12162592  12390506  12180227  12371773  12148342'
b'   12268620  12119607  12132625  12163183  12390986  12180728  12372297  12148767'
b'   12268118  12119231  12132209  12162629  12390684  12180392  12371876  12148303'
b'   12268929  12120224  12133278  12163591  12391680  12181330  12373048  12149288'
b'   12269103  12120489  12133704  12163734  12392202  12181750  12373411  12149493'
b'   12269365  12120949  12134169  12164066  12392805  12182414  12374111  12149972'
b'   12269747  12121162  12134363  12164424  12393162  12182758  12374532  12150239'
b'   12270633  12122107  12135294  12165352  12394189  12183620  12375196  12151283'
b'   12269636  12120932  12134129  12164304  12393080  12182443  12374070  12150170'
b'   12270433  12121403  12134527  12165040  12393614  12182962  12374554  12150745'
b'   12269893  12120795  12133853  12164433  12393108  12182247  12373800  12150134'
b'   12270182  12120951  12133846  12164736  12393251  12182281  12373809  12150245'
b'   12270297  12120568  12133644  12164706  12392918  12181936  12373393  12150117'
b'   12269258  12119469  12132544  12163693  12391704  12180665  12372066  12148930'
b'   12269965  12120080  12133005  12164383  12392222  12181100  12372454  12149405'
b'   12270055  12120180  12133085  12164539  12392184  12181250  12372531  12149395'
b'   12270520  12120925  12133787  12165034  12392715  12181626  12373148  12149930'
b'   12270634  12120938  12133976  12165144  12392774  12181783  12373251  12150013'
b'   12270504  12121027  12134012  12165109  12392668  12181787  12373248  12149972'
b'   12270979  12121387  12134255  12165520  12393141  12182177  12373769  12150318'
b'   12269234  12119777  12132781  12163772  12391599  12180477  12372111  12148646'
b'   12270737  12121294  12134362  12165309  12393043  12182074  12373636  12150143'
b'   12270902  12121495  12134529  12165542  12393314  12182369  12373869  12150272'
b'   12271712  12122431  12135453  12166379  12394244  12183361  12374839  12151283'
b'   12271034  12121794  12134969  12165744  12393715  12182676  12374330  12150566'
b'   12271563  12122484  12135681  12166345  12394310  12183372  12375021  12151202'
b'   12271384  12122482  12135597  12166237  12394414  12183364  12375056  12151284'
b'   12271589  12122679  12135916  12166420  12394771  12183731  12375495  12151531'
b'   12272116  12123305  12136663  12167003  12395478  12184477  12376239  12152197'
b'   12271833  12123146  12136453  12166747  12395558  12184454  12376140  12151837'
b'   12272959  12124235  12137668  12167815  12396855  12185780  12377450  12153061'
b'   12272269  12123464  12136856  12167149  12396243  12185019  12376672  12152298'
b'   12272024  12123131  12136466  12166789  12395955  12184626  12376230  12152073'
b'   12273043  12123862  12137140  12167715  12396725  12185368  12376893  12152960'
b'   12273053  12123648  12136898  12167648  12396538  12185133  12376650  12152751'
b'   12273321  12123847  12136960  12167972  12396722  12185271  12376665  12153016'
b'   12272958  12123282  12136398  12167510  12396160  12184507  12376078  12152496'
b'   12274031  12124110  12137125  12168458  12396583  12185037  12376471  12153318'
b'   12273078  12122896  12135976  12167528  12395396  12183805  12375164  12152052'
b'   12273761  12123687  12136700  12168314  12396067  12184441  12375997  12152813'
b'   12273419  12123484  12136545  12168021  12395666  12184061  12375765  12152439'
b'   12273190  12123392  12136457  12167828  12395433  12184015  12375587  12152166'
b'   12273452  12123694  12136749  12168090  12395654  12184297  12375909  12152473'
b'   12274119  12124401  12137582  12168884  12396436  12185026  12376603  12153122'
b'   12273305  12123590  12136815  12168001  12395575  12184225  12375906  12152340'
b'   12273280  12123528  12136762  12167958  12395601  12184234  12375948  12152358'
b'   12271958  12122300  12135549  12166682  12394414  12182996  12374860  12151002'
b'   12272197  12122702  12135969  12167028  12394882  12183456  12375275  12151413'
b'   12273376  12124009  12137201  12168256  12396108  12184743  12376494  12152672'
b'   12274588  12125210  12138574  12169460  12397338  12186029  12377710  12153799'
b'   12274475  12125092  12138424  12169390  12397296  12185923  12377644  12153818'
b'   12274624  12125510  12138701  12169595  12397731  12186326  12378145  12154054'
b'   12273745  12124628  12138168  12168817  12397217  12186008  12378109  12153460'
b'   12273366  12124407  12137925  12168546  12397315  12186239  12378665  12153385'
b'   12274397  12125585  12139078  12169684  12398839  12188151  12380782  12154729'
b'   12273293  12124331  12137851  12168558  12398047  12187504  12380723  12154001'
b'   12273697  12124481  12138124  12168994  12398293  12188050  12381537  12154202'
b'   12273963  12124604  12138162  12169377  12398581  12188483  12382159  12154625'
b'   12274981  12125334  12138805  12170263  12399326  12189436  12383287  12155395'
b'   12273322  12123256  12136818  12168784  12397727  12188581  12383756  12153927'
b'   12273925  12123751  12137354  12169509  12398233  12189449  12385443  12154788'
b'   12273355  12122745  12136277  12168986  12397314  12189568  12386922  12154521'
b'   12273225  12122642  12136021  12169043  12397196  12190080  12388698  12154948'
b'   12273373  12122738  12136168  12169262  12397137  12191159  12391607  12155432'
b'   12274695  12124179  12135641  12169059  12396497  12191818  12394302  12155323'
b'   12272149  12121522  12134912  12168558  12396068  12192305  12396909  12155326'
b'   12271647  12121060  12134420  12168267  12395736  12192760  12398643  12155310'
b'   12272338  12121973  12135321  12169147  12396613  12194596  12402237  12156831'
b'   12272576  12122411  12135830  12169721  12397131  12196092  12405421  12157809'
b'   12272422  12122486  12135739  12169635  12397113  12196633  12406950  12157968'
b'   12272737  12122830  12136097  12170074  12397444  12197873  12409338  12158672'
b'   12272075  12122102  12135367  12169553  12396982  12198049  12410761  12158529'
b'   12271643  12121716  12134953  12169131  12396686  12198418  12412216  12158391'
b'   12271801  12122034  12135272  12169551  12397373  12199664  12415062  12159102'
b'   12270942  12121324  12134506  12168784  12396793  12199740  12416403  12158771'
b'   12271427  12122085  12135161  12169447  12397705  12201027  12418639  12159596'
b'   12270508  12121253  12134482  12168859  12397263  12201370  12420804  12159553'
b'   12270361  12121589  12134527  12168822  12397561  12202320  12423435  12160100'
b'   12271128  12122756  12135566  12169764  12398993  12204377  12427078  12161646'
b'   12271247  12123017  12135568  12169658  12399367  12205318  12429767  12162491'
b'   12271874  12123939  12136181  12170410  12400192  12207407  12434264  12164229'
b'   12270380  12122544  12134693  12168972  12399067  12206285  12433896  12162990'
b'   12271223  12122918  12134950  12169562  12399335  12206869  12434871  12163410'
b'   12271517  12123089  12134996  12170161  12399882  12207796  12437587  12164104'
b'   12271181  12122797  12134660  12169878  12399445  12207693  12438216  12163830'
b'   12271426  12122964  12134615  12170082  12399491  12208677  12441272  12164634'
b'   12269624  12121032  12132378  12168251  12397287  12206650  12440721  12162759'
b'   12270462  12121972  12133252  12169117  12397810  12207568  12442113  12163465'
b'   12271436  12123180  12134487  12170166  12398573  12209169  12445598  12164883'
b'   12271390  12123429  12134391  12170231  12398588  12210212  12449040  12165568'
b'   12270374  12122498  12133337  12169104  12397479  12209203  12448443  12164267'
b'   12269355  12121800  12132611  12168251  12396696  12209295  12451283  12164252'
b'   12270488  12123149  12133824  12169533  12397970  12210926  12453535  12165365'
b'   12270539  12123552  12133987  12169538  12397928  12211765  12456416  12165959'
b'   12270314  12123538  12133859  12169285  12397782  12211740  12457380  12165668'
b'   12270207  12123535  12133826  12169349  12397731  12211735  12457587  12165491'
b'   12269872  12123340  12133632  12169005  12397381  12211560  12457652  12165098'
b'   12270154  12124007  12134188  12169305  12397864  12212455  12459462  12165784'
b'   12270131  12124165  12134191  12169187  12397575  12212371  12459567  12165665'
b'   12270399  12124316  12134464  12169389  12397935  12212607  12459823  12165542'
b'   12269540  12123859  12133907  12168860  12397719  12212661  12460477  12164918'
b'   12270209  12124764  12134790  12169545  12398670  12213751  12461753  12165518'
b'   12271491  12126294  12136383  12170758  12400275  12214993  12462283  12166910'
b'   12271814  12126726  12136702  12170891  12400366  12214915  12461209  12166837'
b'   12272011  12126278  12136210  12170820  12400594  12214853  12461167  12166410'
b'   12271560  12126032  12136039  12170583  12400317  12213940  12459391  12165846'
b'   12271683  12125820  12135916  12170198  12399691  12212872  12456520  12165096'
b'   12271916  12126055  12136037  12170577  12399774  12212000  12452870  12164361'
b'   12272967  12126545  12136819  12170921  12399698  12210075  12445300  12163442'
b'   12274606  12128130  12138395  12172102  12400171  12208547  12437611  12163165'
b'   12274291  12127335  12137790  12171399  12398960  12205642  12430241  12161143'
b'   12275791  12128600  12139205  12172470  12399349  12204355  12424316  12161132'
b'   12276590  12129387  12140055  12172697  12399475  12202915  12418600  12160536'
b'   12275687  12128382  12139147  12171537  12398107  12200403  12413218  12158861'
b'   12277684  12130281  12141220  12173242  12399496  12200614  12409603  12159743'
b'   12278581  12131444  12142376  12173631  12399974  12200190  12406012  12160188'
b'   12278981  12131823  12142745  12173383  12399978  12197833  12399029  12159604'
b'   12279218  12131735  12142975  12173177  12399432  12193902  12387275  12156731'
b'   12280076  12132742  12144082  12173584  12400174  12192837  12382835  12156678'
b'   12280337  12132879  12144121  12173603  12400364  12192461  12382340  12157599'
b'   12281255  12133893  12145178  12174664  12401540  12193356  12383348  12158729'
b'   12281766  12134275  12145770  12175102  12402142  12193850  12383925  12159149'
b'   12281232  12133888  12145320  12174564  12401796  12193387  12383607  12158715'
b'   12280276  12132951  12144544  12173651  12401146  12192587  12382998  12158020'
b'   12280656  12133364  12144986  12174137  12401784  12193105  12383648  12158636'
b'   12280638  12133409  12145155  12174028  12402179  12193454  12384231  12158817'
b'   12280540  12133461  12145348  12174113  12402503  12193591  12384690  12159000'
b'   12279607  12132631  12144592  12173233  12402055  12193102  12384258  12158337'
b'   12279803  12132607  12144637  12173366  12402383  12193295  12384633  12158570'
b'   12280772  12133456  12145264  12174305  12403611  12194274  12385566  12159795'
b'   12281280  12133759  12145623  12174805  12404104  12194652  12385994  12160195'
b'   12281505  12133703  12145539  12174902  12404131  12194646  12386059  12160214'
b'   12281713  12133538  12145449  12175093  12404180  12194591  12386142  12160364'
b'   12281480  12133148  12144905  12174851  12403701  12194116  12385798  12160011'
b'   12280753  12132142  12143897  12173900  12402588  12192899  12384958  12159143'
b'   12280982  12131907  12143747  12174161  12402588  12192821  12384796  12159267'
b'   12281093  12132219  12143994  12174431  12402364  12192801  12384864  12159387'
b'   12281425  12132590  12144439  12174917  12402793  12193287  12385446  12159789'
b'   12280685  12131883  12143679  12174037  12401922  12192295  12384722  12158937'
b'   12280719  12131877  12143870  12174149  12401957  12192532  12385011  12159013'
b'   12280589  12131852  12143805  12174113  12401867  12192561  12385083  12159016'
b'   12281062  12132270  12144305  12174613  12402299  12193132  12385800  12159566'
b'   12279635  12130880  12142921  12173218  12400925  12191640  12384437  12158141'
b'   12280898  12132263  12144310  12174505  12402317  12193101  12386043  12159580'
b'   12281622  12133068  12145130  12175305  12403117  12193821  12386865  12160348'
b'   12282054  12133442  12145620  12175794  12403682  12194421  12387444  12160905'
b'   12281257  12132671  12145017  12174959  12403106  12193777  12386938  12160214'
b'   12281784  12133304  12145584  12175547  12403865  12194455  12387755  12160905'
b'   12281290  12132837  12145090  12175004  12403410  12193965  12387294  12160343'
b'   12282274  12133885  12146208  12175958  12404479  12195085  12388645  12161615'
b'   12281440  12133396  12145848  12175366  12404443  12195031  12388498  12161094'
b'   12279472  12131532  12143971  12173573  12402905  12193318  12386744  12159179'
b'   12281959  12133952  12146441  12175890  12405503  12195828  12389294  12161739'
b'   12281291  12132866  12145407  12175183  12405068  12195170  12388488  12161031'
b'   12281675  12133129  12145639  12175567  12405447  12195421  12388643  12161449'
b'   12280448  12131792  12144224  12174283  12404272  12194081  12387325  12160174'
b'   12281593  12132818  12145081  12175417  12405225  12195030  12388310  12161218'
b'   12280451  12131199  12143459  12174187  12403669  12193451  12386889  12160256'
b'   12280913  12131499  12143679  12174538  12403833  12193558  12387034  12160456'
b'   12281048  12131419  12143628  12174710  12403665  12193424  12386853  12160409'
b'   12281549  12131873  12144108  12175158  12403744  12193575  12387126  12160724'
b'   12280600  12130956  12143310  12174403  12402781  12192658  12386280  12159734'
b'   12280727  12131286  12143618  12174551  12402866  12192835  12386572  12159997'
b'   12281304  12131853  12144196  12175151  12403308  12193477  12387301  12161150'
b'   12280995  12131639  12144042  12174904  12403036  12193225  12387105  12160371'
b'   12282698  12133415  12145767  12176591  12404624  12194913  12388827  12162568'
b'   12281962  12132624  12145117  12175865  12403866  12194205  12388189  12161786'
b'   12281812  12132600  12145016  12175776  12403870  12194128  12388274  12161603'
b'   12282165  12132981  12145407  12176127  12404338  12194663  12388644  12161976'
b'   12282813  12133556  12146161  12176794  12405055  12195309  12389300  12162531'
b'   12283186  12134199  12146738  12177328  12405600  12195828  12389854  12162987'
b'   12282159  12133250  12145749  12176278  12404731  12194982  12389026  12162157'
b'   12281895  12132834  12145486  12175963  12404622  12194792  12388842  12161881'
b'   12282631  12133762  12146494  12176746  12405558  12195716  12389790  12162757'
b'   12282108  12133533  12146182  12176396  12405654  12195725  12389714  12162353'
b'   12283156  12134611  12147439  12177382  12406872  12197056  12390932  12163525'
b'   12282693  12134224  12147054  12177064  12406800  12196680  12390807  12163248'
b'   12281538  12132787  12145692  12175709  12405718  12195461  12389482  12161949'
b'   12282297  12133571  12146245  12176622  12406776  12196242  12390344  12162972'
b'   12282417  12133355  12146153  12176600  12406668  12196235  12390054  12162821'
b'   12282737  12133617  12146277  12176973  12407000  12196355  12390185  12163131'
b'   12282088  12132515  12145230  12176199  12405980  12195335  12389097  12162259'
b'   12281864  12131931  12144575  12175705  12405485  12194748  12388499  12161816'
b'   12281507  12131494  12144092  12175463  12404844  12194207  12387904  12161408'
b'   12283110  12133028  12145552  12177114  12406175  12195512  12389269  12162960'
b'   12282246  12132101  12144665  12176175  12404847  12194295  12388256  12161818'
b'   12282501  12132499  12145149  12176528  12404973  12194556  12388591  12162148'
b'   12283009  12133099  12145698  12177121  12405487  12195221  12389193  12162645'
b'   12282891  12133006  12145682  12177086  12405426  12195096  12389240  12162578'
b'   12282634  12132895  12145559  12176876  12405030  12194865  12389181  12162453'
b'   12282820  12133140  12145753  12177086  12405268  12195094  12389290  12162596'
b'   12283128  12133472  12145993  12177324  12405512  12195361  12389680  12162852'
b'   12282416  12132928  12145521  12176691  12405018  12194878  12389221  12162388'
b'   12282826  12133337  12145869  12177226  12405300  12195286  12389670  12162685'
b'   12282461  12132827  12145542  12176643  12405084  12194879  12389221  12162334'
b'   12283436  12134115  12146920  12177858  12406175  12196137  12390462  12163483'
b'   12282238  12132966  12145641  12176624  12405154  12195154  12389426  12162332'
b'   12282775  12133375  12146214  12177055  12405788  12195730  12389970  12162800'
