b'   12018163  11898651  11921875  11943305  12166458  11973523  12128227  11930641'
b'   12057904  11934407  11956249  11979937  12203979  12007138  12166222  11966754'
b'   12137202  12004674  12023751  12051465  12277184  12074053  12243931  12036577'
b'   12167917  12031049  12048899  12078401  12304778  12099680  12274757  12062358'
b'   12185638  12046172  12063350  12093871  12320635  12114474  12292461  12077219'
b'   12197003  12055585  12072173  12103486  12330604  12123814  12303635  12086464'
b'   12204423  12061490  12077834  12109485  12337054  12129614  12310963  12092285'
b'   12212052  12068151  12084345  12116347  12344092  12136418  12318595  12098848'
b'   12219058  12074358  12090302  12122598  12350612  12142697  12325311  12104989'
b'   12223514  12078070  12093985  12126428  12354669  12146391  12329629  12108641'
b'   12228326  12082474  12098162  12130802  12359154  12150646  12334326  12112793'
b'   12231667  12085234  12100864  12133639  12362150  12153400  12337481  12115492'
b'   12233943  12087014  12102583  12135429  12364300  12155349  12339528  12117237'
b'   12236768  12089618  12105072  12137968  12366993  12157669  12342232  12119614'
b'   12237939  12090289  12105682  12138799  12368035  12158463  12343295  12120354'
b'   12241034  12093115  12108537  12141686  12370956  12161270  12346273  12123003'
b'   12243776  12095658  12110917  12144122  12373519  12163684  12348763  12125459'
b'   12245009  12096710  12111990  12145260  12374633  12164642  12350067  12126362'
b'   12246580  12098076  12113229  12146617  12376153  12165928  12351536  12127630'
b'   12248916  12100277  12115515  12148781  12378340  12168111  12353740  12129732'
b'   12250280  12101459  12116517  12149946  12379574  12169183  12355079  12130769'
b'   12253285  12104345  12119548  12152725  12382442  12171997  12357973  12133599'
b'   12254834  12105706  12120897  12154304  12383909  12173303  12359410  12134854'
b'   12255776  12106576  12121509  12154996  12384728  12174166  12360161  12135512'
b'   12255724  12106265  12121307  12154824  12384550  12173810  12360067  12135222'
b'   12257950  12108454  12123543  12156947  12386766  12175857  12362247  12137286'
b'   12258829  12109325  12124232  12157744  12387588  12176570  12363111  12138084'
b'   12260199  12110683  12125609  12159068  12389036  12177830  12364465  12139141'
b'   12259735  12110120  12125076  12158576  12388616  12177399  12363985  12138665'
b'   12261518  12111983  12126993  12160500  12390440  12179095  12365876  12140449'
b'   12263307  12113809  12128831  12162128  12392206  12180792  12367671  12142125'
b'   12263358  12113721  12128767  12162055  12392299  12180748  12367671  12141967'
b'   12265011  12115348  12130354  12163700  12393836  12182203  12369103  12143533'
b'   12265388  12115695  12130503  12163985  12394182  12182513  12369424  12143736'
b'   12266019  12116119  12131126  12164666  12394890  12182995  12370040  12144243'
b'   12265884  12115975  12130826  12164439  12394814  12182718  12369918  12143977'
b'   12268852  12118691  12133595  12167388  12397529  12185547  12372549  12146681'
b'   12267844  12117465  12132277  12166208  12396296  12184148  12371393  12145447'
b'   12269615  12119108  12133790  12167908  12397932  12185695  12373021  12147131'
b'   12268847  12117998  12132784  12166853  12396858  12184615  12372023  12145874'
b'   12269559  12118767  12133581  12167625  12397572  12185345  12372724  12146518'
b'   12272046  12121395  12136147  12170169  12400091  12187841  12375275  12148979'
b'   12272351  12121567  12136280  12170359  12400414  12188107  12375583  12149131'
b'   12273047  12122391  12137132  12171134  12401138  12188723  12376258  12149749'
b'   12273241  12122664  12137452  12171306  12401415  12188812  12376381  12149779'
b'   12272856  12122147  12137009  12170857  12401141  12188345  12376025  12149330'
b'   12274278  12123751  12138496  12172504  12402676  12189848  12377479  12150710'
b'   12274235  12123734  12138551  12172381  12402672  12189725  12377459  12150606'
b'   12275400  12124928  12139849  12173592  12403963  12190903  12378632  12151744'
b'   12275490  12124925  12139806  12173637  12403916  12190819  12378642  12151720'
b'   12275323  12124720  12139655  12173498  12403782  12190735  12378604  12151569'
b'   12274979  12124370  12139336  12173043  12403523  12190253  12378170  12151082'
b'   12277264  12126723  12141600  12175490  12405857  12192525  12380407  12153448'
b'   12277295  12126585  12141541  12175280  12405832  12192461  12380342  12153490'
b'   12277950  12127285  12142235  12175844  12406419  12192957  12380885  12154088'
b'   12278483  12127583  12142661  12176258  12406902  12193291  12381324  12154553'
b'   12279475  12128656  12143657  12177191  12407772  12194331  12382349  12155625'
b'   12279367  12128468  12143548  12177126  12407750  12194198  12382112  12155518'
b'   12279132  12128240  12143203  12177056  12407655  12193899  12381947  12155174'
b'   12279715  12128801  12143759  12177664  12408288  12194508  12382558  12155707'
b'   12280785  12129879  12144762  12178789  12409321  12195642  12383530  12156621'
b'   12279698  12128677  12143584  12177596  12408313  12194385  12382550  12155303'
b'   12280759  12129888  12144628  12178952  12409363  12195480  12383547  12156173'
b'   12280795  12129932  12144636  12179062  12409406  12195575  12383537  12155957'
b'   12280908  12129991  12144751  12179128  12409664  12195709  12383710  12155953'
b'   12281592  12130607  12145412  12179907  12410083  12196289  12384327  12156516'
b'   12281044  12130081  12144871  12179252  12409614  12195635  12383820  12155878'
b'   12280981  12130056  12144882  12179080  12409515  12195389  12383671  12155723'
b'   12281688  12130777  12145658  12179969  12410308  12196164  12384446  12156558'
b'   12282330  12131263  12146168  12180407  12410723  12196647  12384908  12156934'
b'   12282604  12131688  12146554  12180819  12411144  12197016  12385270  12157305'
b'   12281544  12130595  12145519  12179707  12410140  12195796  12384213  12156103'
b'   12283697  12132825  12147819  12181992  12412349  12198056  12386453  12158377'
b'   12282799  12131804  12146750  12180998  12411394  12196922  12385408  12157346'
b'   12282275  12131245  12146236  12180398  12410922  12196347  12384840  12156715'
b'   12283275  12132199  12147254  12181335  12411856  12197306  12385696  12157695'
b'   12285481  12134455  12149544  12183481  12414093  12199538  12387946  12160088'
b'   12285842  12134771  12149867  12183841  12414381  12199828  12388154  12160494'
b'   12284863  12133889  12148919  12182866  12413587  12198787  12387291  12159699'
b'   12284831  12133634  12148783  12182679  12413376  12198513  12387008  12159672'
b'   12285400  12134288  12149432  12183312  12414204  12199216  12387734  12160369'
b'   12286512  12135303  12150432  12184309  12415176  12200186  12388720  12161419'
b'   12286133  12134867  12150162  12184002  12414814  12199766  12388385  12160913'
b'   12286508  12135325  12150470  12184512  12415339  12200325  12388824  12161265'
b'   12286787  12135529  12150612  12184733  12415526  12200493  12389066  12161390'
b'   12286932  12135747  12150663  12185053  12415729  12200734  12389163  12161430'
b'   12285902  12134720  12149609  12184182  12414888  12199767  12388255  12160140'
b'   12285220  12133926  12148871  12183517  12414071  12199056  12387588  12159091'
b'   12286734  12135536  12150358  12185112  12415590  12200643  12389158  12160661'
b'   12286559  12135350  12150281  12184949  12415371  12200432  12388892  12160415'
b'   12286728  12135427  12150354  12184963  12415413  12200287  12389016  12160321'
b'   12287711  12136605  12151312  12186108  12416514  12201382  12390008  12161463'
b'   12287955  12136805  12151645  12186394  12416634  12201573  12390213  12161675'
b'   12287624  12136367  12151272  12185948  12416346  12201152  12389853  12161234'
b'   12287681  12136390  12151362  12185967  12416260  12201156  12389849  12161173'
b'   12288148  12136955  12152010  12186575  12416908  12201603  12390437  12161780'
b'   12288654  12137460  12152465  12187066  12417377  12202144  12390841  12162222'
b'   12288856  12137715  12152817  12187240  12417656  12202470  12391134  12162496'
b'   12287725  12136466  12151646  12186042  12416551  12201184  12389938  12161258'
b'   12288784  12137448  12152452  12186914  12417486  12202013  12390794  12162172'
b'   12289846  12138712  12153839  12188216  12418720  12203253  12392016  12163601'
b'   12288522  12137251  12152427  12186711  12417382  12201869  12390619  12162306'
b'   12289553  12138206  12153419  12187668  12418324  12202747  12391577  12163446'
b'   12289876  12138486  12153771  12187840  12418609  12203014  12391877  12163777'
b'   12290046  12138683  12153954  12188117  12418883  12203142  12391951  12164095'
b'   12289340  12137863  12153188  12187326  12418275  12202532  12391353  12163507'
b'   12290114  12138781  12154003  12188241  12419038  12203300  12392174  12164139'
b'   12291098  12139632  12154906  12189109  12420009  12204152  12393059  12165056'
b'   12289747  12138350  12153478  12188043  12418780  12202932  12391791  12163566'
b'   12289726  12138188  12153345  12188037  12418728  12202804  12391667  12163365'
b'   12290278  12138826  12153870  12188687  12419476  12203459  12392311  12163721'
b'   12289854  12138302  12153310  12188293  12418865  12203005  12391931  12163049'
b'   12290917  12139444  12154465  12189557  12420006  12204152  12393255  12164061'
b'   12290529  12139115  12154070  12188980  12419463  12203634  12392905  12163519'
b'   12291425  12140070  12155082  12190011  12420400  12204567  12393591  12164323'
b'   12291842  12140518  12155486  12190410  12420804  12204953  12393908  12164734'
b'   12290868  12139931  12154749  12189303  12419722  12204188  12393556  12163923'
b'   12291087  12140066  12154830  12189534  12419874  12204306  12393746  12164000'
b'   12291498  12140422  12155306  12190015  12420334  12204644  12393952  12164344'
b'   12291849  12140688  12155640  12190266  12420650  12204930  12394091  12164600'
b'   12291604  12140313  12155418  12190023  12420388  12204612  12393734  12164335'
b'   12291606  12140259  12155337  12190052  12420492  12204475  12393479  12164381'
b'   12291811  12140698  12155789  12190162  12420653  12204852  12394076  12164758'
b'   12292989  12142719  12157505  12191005  12421511  12206049  12395519  12165708'
b'   12293649  12143820  12158468  12191604  12422042  12206706  12396372  12166503'
b'   12293702  12144072  12158774  12191729  12422389  12206958  12396708  12166844'
b'   12294338  12144842  12159645  12192190  12422881  12207626  12397336  12167924'
b'   12293565  12143968  12158826  12191312  12422195  12206823  12396671  12167230'
b'   12294970  12145625  12160538  12192720  12423503  12208248  12398169  12168645'
b'   12294154  12145412  12160224  12191887  12422760  12207598  12397593  12167818'
b'   12293221  12144778  12159333  12190996  12421817  12206756  12396728  12166706'
b'   12294354  12146254  12160765  12192179  12422880  12207866  12398024  12167870'
b'   12295479  12148121  12162411  12193251  12423821  12209051  12399423  12168835'
b'   12295381  12148961  12162800  12192867  12423301  12208913  12399601  12168206'
b'   12294549  12149097  12162717  12192274  12422626  12208584  12399353  12167340'
b'   12295208  12151363  12164688  12193162  12423337  12209838  12400931  12167903'
b'   12295896  12155894  12168185  12193800  12423441  12211468  12403377  12168173'
b'   12297260  12161042  12172379  12194685  12423999  12213540  12406352  12169310'
b'   12300130  12171091  12179141  12196084  12424939  12217388  12412366  12171503'
b'   12301759  12176400  12182465  12196604  12424986  12219214  12415881  12172772'
b'   12303014  12181647  12184233  12196010  12424197  12219378  12417970  12173042'
b'   12305973  12189944  12190196  12199368  12425221  12221531  12420977  12174402'
b'   12307158  12196222  12194266  12199019  12425128  12222157  12422459  12174258'
b'   12309209  12201218  12198120  12200548  12426542  12225241  12426560  12176122'
b'   12309853  12203316  12200052  12200899  12426944  12227288  12429612  12176973'
b'   12309688  12202891  12199306  12200578  12427335  12229055  12433272  12178019'
b'   12309807  12203119  12199828  12201187  12428402  12231952  12437465  12179344'
b'   12309421  12204349  12200265  12201095  12428615  12233450  12440073  12179732'
b'   12311906  12211426  12204936  12202824  12430208  12236507  12444440  12181378'
b'   12311775  12212622  12204468  12201583  12429487  12237043  12447349  12181818'
b'   12314337  12215976  12207191  12203781  12431721  12240992  12453099  12185257'
b'   12314866  12217897  12208951  12204123  12432196  12242967  12455761  12185843'
b'   12315547  12222057  12211638  12205175  12433018  12244365  12457177  12186360'
b'   12317921  12227665  12214041  12206518  12433818  12246105  12461087  12188072'
b'   12319841  12231660  12215798  12207811  12434713  12247817  12464853  12189822'
b'   12322330  12238855  12218521  12208325  12434983  12248608  12467643  12190971'
b'   12323325  12241483  12218883  12208340  12434968  12249359  12470480  12191618'
b'   12325603  12245426  12219268  12208959  12435771  12250896  12475441  12193867'
b'   12327118  12248054  12219234  12208931  12435685  12251225  12478128  12195072'
b'   12329582  12252779  12220920  12209884  12436175  12252719  12481819  12196731'
b'   12329494  12254400  12221683  12209775  12435918  12253192  12483014  12196505'
b'   12331407  12259352  12223664  12210988  12436844  12254522  12485880  12197705'
b'   12332566  12261998  12224785  12211314  12436930  12254776  12486977  12197998'
b'   12334514  12264734  12223915  12210824  12436724  12254984  12491477  12200076'
b'   12337554  12267230  12222068  12209651  12435902  12254254  12495539  12202928'
b'   12340116  12273858  12226332  12212193  12437724  12255661  12495870  12203609'
b'   12340632  12277702  12229361  12213146  12437993  12256705  12496226  12202771'
b'   12342629  12279600  12228930  12213178  12438353  12257497  12499922  12205133'
b'   12345559  12286263  12232175  12215518  12439733  12258390  12501253  12206075'
b'   12348251  12290468  12233096  12215674  12439950  12258898  12503917  12207774'
b'   12350250  12292342  12233134  12215998  12440584  12259498  12506797  12209716'
b'   12352565  12296461  12235461  12217331  12441516  12260904  12508782  12211030'
b'   12355119  12299464  12235960  12218117  12442387  12262054  12512481  12213614'
b'   12357070  12297798  12233243  12217155  12441940  12261793  12516819  12216708'
b'   12357995  12306617  12239508  12219566  12443277  12262925  12514468  12215116'
b'   12359130  12310943  12242736  12220569  12443863  12264274  12514845  12215297'
b'   12360796  12306107  12240263  12220482  12445062  12267446  12523313  12220851'
b'   12360776  12304903  12239479  12219840  12444992  12268411  12525800  12221818'
b'   12360937  12302064  12237919  12220414  12446033  12270900  12531746  12224999'
b'   12360667  12300324  12236482  12219486  12445750  12270612  12533792  12226417'
b'   12363262  12307408  12240975  12221950  12447105  12272116  12533249  12226441'
b'   12362105  12305695  12239269  12219955  12445434  12271889  12534653  12225989'
b'   12362945  12307773  12239987  12220427  12445658  12272659  12536343  12226580'
b'   12364288  12310330  12242130  12221819  12446679  12274810  12539025  12227665'
b'   12366128  12313259  12242110  12221651  12446402  12274440  12540202  12228522'
b'   12366069  12314258  12243337  12221920  12446637  12275569  12541401  12228451'
b'   12365827  12317027  12245932  12222634  12446765  12277302  12542436  12227834'
b'   12367796  12319946  12247868  12224260  12448174  12278942  12544573  12229585'
b'   12369769  12323938  12249054  12225011  12448803  12279145  12546004  12230486'
b'   12371424  12329079  12252659  12226686  12449818  12280918  12547092  12230789'
b'   12370951  12328431  12252597  12226066  12449368  12281977  12549211  12230984'
b'   12372865  12331003  12254942  12228135  12451576  12284578  12552357  12233112'
b'   12373899  12333840  12256283  12228875  12452034  12285536  12554004  12233895'
b'   12375118  12332158  12254150  12227752  12451399  12285313  12556890  12236647'
b'   12374250  12333946  12255957  12227979  12451254  12285503  12555542  12235119'
b'   12375262  12337133  12259006  12229557  12452268  12287164  12555284  12234897'
b'   12377296  12338632  12259788  12230553  12453273  12288368  12557755  12237297'
b'   12375397  12342260  12265124  12232657  12454677  12290378  12554198  12234095'
b'   12374038  12344243  12269156  12234065  12455638  12292980  12553856  12232828'
b'   12373612  12340756  12268316  12233505  12455799  12294630  12557158  12234453'
b'   12373838  12341627  12269660  12234874  12457531  12295876  12557198  12235169'
b'   12372682  12341355  12270338  12235011  12457433  12296515  12556850  12234347'
b'   12372048  12340573  12270064  12234447  12457084  12297218  12558323  12234598'
b'   12373342  12343353  12271535  12235822  12458128  12297190  12557654  12234807'
b'   12373857  12344767  12273072  12237146  12459506  12299139  12559325  12235598'
b'   12373137  12342857  12270917  12235589  12458161  12297977  12559716  12235324'
b'   12372954  12342201  12271468  12236294  12459994  12298489  12558804  12235276'
b'   12371249  12339887  12271764  12236354  12458680  12297411  12554212  12232777'
b'   12366415  12327180  12265967  12233146  12456375  12295023  12550327  12230574'
b'   12361664  12315388  12261386  12230759  12454928  12293561  12546076  12228476'
b'   12357657  12306334  12259117  12229584  12453827  12290426  12537122  12224819'
b'   12355160  12300682  12256866  12228418  12452694  12286107  12528532  12221295'
b'   12353241  12295002  12255620  12227854  12452007  12282832  12520468  12218156'
b'   12350196  12282341  12248247  12225543  12451793  12280425  12518546  12217775'
b'   12348790  12275293  12244832  12225475  12452380  12280363  12518273  12218393'
b'   12345236  12271700  12245194  12224653  12451191  12278393  12510250  12213651'
b'   12344170  12268416  12244099  12224706  12451171  12277244  12507048  12212556'
b'   12343777  12264508  12242396  12224416  12451438  12276553  12505390  12212940'
b'   12343231  12260550  12239264  12223317  12450675  12273602  12502437  12212761'
b'   12342670  12257045  12238028  12223052  12450539  12271390  12497438  12211508'
b'   12339519  12249336  12234165  12221415  12449071  12268357  12491718  12209220'
b'   12338345  12243956  12232151  12221058  12448889  12265082  12484521  12207519'
b'   12337879  12239373  12229246  12220853  12449089  12262816  12481099  12207393'
b'   12335489  12231028  12223873  12218952  12447888  12258835  12475271  12206137'
b'   12335994  12226197  12222322  12220410  12449637  12257999  12471277  12206815'
b'   12334414  12219903  12218045  12219414  12448737  12254682  12465662  12205480'
b'   12333402  12214651  12214441  12219053  12448375  12252180  12461681  12204662'
b'   12331417  12206782  12209955  12218378  12448098  12249076  12455337  12202907'
b'   12329320  12201885  12207120  12217641  12447244  12246858  12450869  12200544'
b'   12327086  12194774  12202457  12216474  12446195  12243251  12444845  12198146'
b'   12326941  12190429  12200166  12217664  12447328  12241674  12440160  12197488'
b'   12324247  12182190  12194769  12216395  12446146  12237548  12432817  12193915'
b'   12323824  12178898  12193039  12216783  12446389  12236212  12429400  12192675'
b'   12322328  12176286  12190752  12215772  12445264  12234339  12426972  12191042'
b'   12323303  12176572  12191475  12216864  12446373  12235021  12427648  12191875'
b'   12322762  12175607  12190763  12216644  12446069  12234356  12426509  12191334'
b'   12322226  12174646  12189806  12216076  12445614  12233530  12425470  12190731'
b'   12323250  12175288  12190790  12217313  12446774  12234335  12426177  12191692'
b'   12322388  12174212  12189791  12216560  12445951  12233345  12425132  12190696'
b'   12321903  12173442  12188994  12216107  12445620  12232604  12424406  12190168'
b'   12322319  12173820  12189277  12216580  12446042  12232883  12424545  12190647'
b'   12323349  12174724  12190267  12217585  12447142  12233841  12425337  12191789'
b'   12322920  12174079  12189599  12217285  12446813  12233299  12424726  12191277'
b'   12322669  12173858  12189396  12217039  12446533  12232911  12424406  12191108'
b'   12322641  12173801  12189211  12217164  12446707  12232828  12424354  12191306'
b'   12322079  12173081  12188674  12216333  12446166  12232016  12423565  12190808'
b'   12321920  12172956  12188458  12216246  12446024  12231871  12423396  12190831'
b'   12322730  12173555  12189258  12217010  12446842  12232401  12423970  12191719'
b'   12321086  12171833  12187495  12215403  12445332  12230720  12422294  12190229'
b'   12321951  12172858  12188274  12216451  12446439  12231746  12423245  12191229'
b'   12321886  12172641  12187967  12216342  12446337  12231614  12423101  12191117'
b'   12321594  12172348  12187642  12216087  12446112  12231268  12422871  12190824'
b'   12321230  12171959  12187058  12215777  12445687  12230877  12422499  12190274'
b'   12319657  12170484  12185464  12214502  12444344  12229391  12420974  12188519'
b'   12320019  12170948  12185805  12215049  12444805  12229927  12421448  12188766'
b'   12319821  12170661  12185355  12214803  12444441  12229554  12421177  12188133'
b'   12321070  12172031  12186614  12216155  12445556  12230832  12422381  12189319'
b'   12321104  12172095  12186607  12216117  12445620  12230847  12422379  12189211'
b'   12320802  12171809  12186303  12215913  12445317  12230493  12422143  12188912'
b'   12320145  12171066  12185386  12215199  12444615  12229666  12421273  12188058'
b'   12320135  12170999  12185346  12215029  12444448  12229565  12421232  12187994'
b'   12320364  12171077  12185533  12215096  12444552  12229546  12421279  12188049'
b'   12320337  12171132  12185493  12215071  12444661  12229547  12421300  12187965'
b'   12321101  12171912  12186261  12215838  12445332  12230233  12422028  12188678'
b'   12319631  12170261  12184566  12214147  12443815  12228435  12420335  12187099'
b'   12319984  12170685  12184949  12214499  12444070  12228877  12420661  12187611'
b'   12320764  12171462  12185708  12215161  12444890  12229540  12421465  12188570'
b'   12319959  12170855  12184994  12214392  12444176  12228811  12420724  12187956'
b'   12320140  12170952  12185181  12214609  12444240  12228880  12420853  12188181'
b'   12321200  12172078  12186388  12215631  12445297  12229960  12421862  12189289'
b'   12321447  12172401  12186922  12215948  12445709  12230304  12422216  12189514'
b'   12321259  12172378  12186805  12215759  12445511  12230129  12422021  12189419'
b'   12321218  12172355  12186814  12215830  12445636  12230100  12421927  12189247'
b'   12320800  12171861  12186222  12215303  12445171  12229695  12421467  12188752'
b'   12321274  12172444  12186611  12215885  12445697  12230143  12421971  12189233'
b'   12321780  12172841  12186880  12216260  12446184  12230565  12422483  12189489'
b'   12321085  12171939  12186016  12215422  12445281  12229750  12421596  12188620'
b'   12321027  12171908  12185736  12215363  12445197  12229590  12421489  12188477'
b'   12321358  12172049  12185741  12215573  12445434  12229923  12421678  12188671'
b'   12319450  12169937  12183376  12213547  12443404  12227866  12419842  12186676'
b'   12320320  12170806  12184225  12214452  12444144  12228597  12420723  12187534'
b'   12320503  12171159  12184468  12214657  12444354  12228806  12420882  12187736'
b'   12320915  12171783  12185111  12215156  12444758  12229355  12421342  12188145'
b'   12321150  12172129  12185545  12215450  12445106  12229679  12421738  12188462'
b'   12319584  12170540  12183994  12213957  12443626  12228067  12420213  12187038'
b'   12322014  12173082  12186473  12216341  12445955  12230563  12422711  12189491'
b'   12321136  12172167  12185609  12215452  12445136  12229766  12421870  12188698'
b'   12321070  12172102  12185479  12215358  12444997  12229522  12421741  12188528'
b'   12321124  12172139  12185438  12215352  12444999  12229640  12421829  12188533'
b'   12320547  12171493  12184814  12214885  12444468  12228974  12421173  12187832'
b'   12320993  12172014  12185306  12215344  12445009  12229491  12421702  12188501'
b'   12320666  12171648  12185015  12215060  12444604  12229105  12421360  12188021'
b'   12320743  12171800  12185024  12215058  12444658  12229216  12421433  12188143'
b'   12320264  12171353  12184585  12214623  12444261  12228780  12420978  12187674'
b'   12321344  12172493  12185676  12215851  12445305  12229766  12422069  12188648'
b'   12321157  12172292  12185572  12215602  12445204  12229637  12421976  12188575'
b'   12320487  12171694  12184960  12214953  12444455  12229021  12421247  12187862'
b'   12321215  12172539  12185638  12215694  12445239  12229824  12422072  12188627'
b'   12321488  12172793  12185892  12216073  12445569  12230032  12422412  12188856'
b'   12320628  12171851  12185245  12215413  12444930  12229325  12421519  12188042'
