b'   12478876  12364582  12393608  12549599  12703453  12393397  12542659  12391169'
b'   12519980  12404632  12433220  12590124  12745597  12431516  12584824  12431657'
b'   12600676  12480713  12506126  12666948  12824143  12501692  12665839  12508000'
b'   12632103  12510084  12533688  12696467  12854562  12528634  12697582  12537052'
b'   12653111  12529584  12552161  12715951  12874399  12546830  12718355  12556145'
b'   12666119  12541440  12563285  12728091  12886911  12558078  12731064  12567922'
b'   12674840  12549044  12570260  12735916  12894934  12565141  12739183  12575501'
b'   12683698  12557173  12577851  12744201  12903286  12572775  12747475  12583447'
b'   12690984  12563552  12584008  12750769  12909898  12578863  12754041  12589859'
b'   12696498  12568324  12588314  12755791  12914584  12583074  12758796  12594304'
b'   12701533  12573030  12592834  12760604  12919352  12587558  12763527  12598814'
b'   12705882  12576897  12596619  12764531  12923272  12591208  12767448  12602502'
b'   12710482  12581383  12601004  12768885  12927756  12595481  12772053  12606796'
b'   12713170  12583962  12603273  12771462  12930446  12597857  12774646  12609102'
b'   12717117  12587616  12606932  12775089  12934217  12601417  12778375  12612596'
b'   12719466  12589799  12609073  12777251  12936638  12603493  12780631  12614711'
b'   12722226  12592411  12611724  12779914  12939344  12605941  12783316  12617188'
b'   12726331  12596487  12615738  12783898  12943444  12610082  12787421  12621159'
b'   12728064  12598030  12617279  12785411  12945222  12611426  12789070  12622471'
b'   12730109  12600069  12619156  12787357  12947473  12613381  12791023  12624290'
b'   12734194  12604146  12623316  12791416  12951667  12617537  12795217  12628352'
b'   12734624  12604420  12623536  12791710  12952264  12617860  12795716  12628541'
b'   12737048  12606864  12626015  12794054  12954755  12620299  12798097  12630685'
b'   12739201  12609232  12628404  12796154  12957730  12622713  12800713  12633075'
b'   12741178  12611336  12630367  12798255  12959924  12624720  12802905  12635046'
b'   12743475  12613355  12632513  12800274  12962042  12626788  12805103  12637067'
b'   12744952  12614658  12633555  12801659  12963470  12627954  12806201  12638288'
b'   12745989  12615435  12634321  12802554  12964518  12628682  12806961  12638994'
b'   12748035  12617147  12635971  12804488  12965964  12630290  12808441  12640670'
b'   12750015  12618731  12637603  12806175  12967447  12631594  12809792  12642125'
b'   12750853  12619637  12638352  12807066  12968304  12632202  12810469  12642599'
b'   12752296  12620516  12639038  12808300  12969404  12633087  12811263  12643385'
b'   12753409  12621382  12639796  12809241  12970404  12633870  12812173  12644351'
b'   12755241  12623130  12641558  12811066  12971937  12635413  12813893  12645848'
b'   12755689  12623678  12642149  12811461  12972475  12635828  12814266  12646198'
b'   12756307  12624460  12642865  12812142  12973027  12636353  12814969  12646640'
b'   12756829  12624881  12643318  12812647  12973478  12636748  12815403  12647069'
b'   12760053  12628186  12646541  12815644  12976503  12639978  12818511  12650153'
b'   12760360  12628556  12647059  12816105  12977099  12640245  12818854  12650383'
b'   12761973  12630017  12648551  12817586  12978504  12641647  12820314  12651802'
b'   12763236  12631433  12650071  12818768  12979773  12642919  12821669  12653045'
b'   12764427  12632839  12651331  12820073  12981263  12644264  12823005  12654306'
b'   12764851  12633191  12651857  12820456  12981854  12644626  12823492  12654732'
b'   12765735  12634183  12652825  12821387  12982941  12645775  12824563  12655764'
b'   12766873  12635408  12654098  12822662  12984304  12646834  12825629  12656776'
b'   12767006  12635846  12654623  12822858  12985077  12647403  12826220  12657149'
b'   12769102  12638045  12656844  12824920  12987431  12649682  12828490  12659330'
b'   12769633  12638587  12657473  12825428  12988239  12650283  12829104  12660000'
b'   12770455  12639224  12658003  12826200  12989297  12651041  12829744  12660561'
b'   12771327  12639892  12658596  12827021  12990076  12651650  12830374  12661296'
b'   12771076  12639442  12658016  12826637  12989959  12651238  12829889  12660743'
b'   12771828  12639900  12658449  12827402  12990420  12651616  12830162  12661189'
b'   12772589  12640614  12658948  12828018  12990965  12651936  12830525  12661658'
b'   12773062  12640723  12659030  12828432  12990927  12651845  12830650  12661765'
b'   12774705  12642030  12660260  12829893  12991849  12653003  12831757  12662868'
b'   12774051  12641406  12659594  12829200  12991046  12652029  12830953  12662085'
b'   12775334  12642914  12661200  12830684  12992251  12653561  12832480  12663333'
b'   12776017  12643587  12662006  12831324  12992904  12654119  12833127  12664002'
b'   12776185  12643858  12662251  12831461  12993001  12654197  12833318  12664073'
b'   12777791  12645614  12663902  12833183  12994414  12655739  12834918  12665737'
b'   12777974  12645587  12664024  12833342  12994566  12655898  12834937  12665723'
b'   12778608  12646512  12664910  12833986  12995282  12656663  12835781  12666420'
b'   12779468  12647376  12665779  12834856  12996272  12657548  12836679  12667272'
b'   12779527  12647546  12665999  12834917  12996491  12657610  12836927  12667404'
b'   12780107  12648255  12666820  12835614  12997308  12658323  12837819  12668148'
b'   12779968  12648130  12666837  12835561  12997431  12658337  12837751  12667932'
b'   12780735  12649060  12667760  12836453  12998404  12659297  12838602  12668833'
b'   12782439  12650951  12669725  12838082  13000363  12661185  12840481  12670596'
b'   12781808  12650603  12669483  12837580  13000587  12661050  12840285  12670272'
b'   12782629  12651394  12670264  12838353  13001604  12661940  12841291  12671059'
b'   12783931  12652508  12671289  12839568  13003162  12663179  12842313  12672381'
b'   12784122  12652675  12671438  12839867  13003462  12663365  12842511  12672520'
b'   12784079  12652266  12671031  12839652  13003398  12663059  12842346  12672227'
b'   12784477  12652392  12670984  12839849  13003570  12663103  12842191  12672142'
b'   12786352  12654141  12672738  12841716  13005023  12664788  12843703  12673861'
b'   12786040  12653911  12672481  12841556  13004556  12664333  12843306  12673368'
b'   12786145  12653962  12672651  12841704  13004143  12663984  12843130  12673016'
b'   12786597  12654482  12673060  12842280  13004666  12664559  12843638  12673400'
b'   12787753  12655485  12674031  12843170  13005573  12665576  12844667  12674425'
b'   12786643  12654437  12673022  12842257  13004596  12664447  12843704  12673256'
b'   12787591  12655277  12673936  12843134  13005468  12665244  12844561  12674191'
b'   12787612  12655352  12673843  12843189  13005459  12665229  12844588  12674106'
b'   12788970  12656878  12675426  12844586  13006864  12666586  12845947  12675605'
b'   12789350  12657191  12675726  12844970  13007127  12667014  12846287  12675930'
b'   12789286  12657239  12675894  12844975  13006785  12666735  12846270  12675922'
b'   12789572  12657650  12676254  12845208  13007008  12666955  12846429  12676292'
b'   12790465  12658556  12677275  12846077  13007927  12667902  12847426  12677141'
b'   12790839  12658908  12677635  12846487  13008373  12668259  12847688  12677517'
b'   12790780  12659005  12677674  12846524  13008607  12668435  12848053  12677685'
b'   12791046  12659264  12677992  12846786  13009099  12668698  12848338  12677872'
b'   12791548  12660001  12678950  12847390  13010131  12669550  12849262  12678688'
b'   12791844  12660293  12679236  12847618  13010695  12669958  12849465  12678940'
b'   12791665  12660127  12679144  12847510  13010943  12669904  12849220  12678857'
b'   12793056  12661559  12680517  12848899  13012665  12671661  12850783  12680354'
b'   12793363  12661683  12680602  12849234  13012950  12671731  12850807  12680444'
b'   12793909  12662075  12680867  12849727  13013494  12672091  12851209  12680848'
b'   12793208  12661258  12680013  12849005  13012727  12671278  12850263  12679953'
b'   12793420  12661232  12680033  12849071  13012676  12671280  12850374  12679931'
b'   12793534  12661012  12679653  12849134  13012104  12670753  12850091  12679478'
b'   12794219  12661592  12680123  12849774  13012481  12671261  12850696  12679965'
b'   12794569  12661846  12680369  12850044  13012403  12671414  12850852  12680070'
b'   12793808  12661258  12679865  12849379  13011430  12670532  12850200  12679403'
b'   12795027  12662547  12681076  12850656  13012616  12671740  12851525  12680607'
b'   12794424  12661939  12680590  12850101  13011940  12671097  12850912  12679922'
b'   12794947  12662514  12681292  12850566  13012424  12671694  12851584  12680571'
b'   12795157  12662727  12681546  12850929  13012637  12671702  12851908  12680646'
b'   12795138  12663038  12681778  12851046  13012784  12671910  12852226  12680770'
b'   12796551  12664406  12683162  12852392  13014156  12673350  12853304  12682058'
b'   12796234  12664208  12683071  12852153  13014782  12673456  12853180  12681988'
b'   12796772  12664777  12683756  12852708  13015325  12673934  12853630  12682523'
b'   12796087  12664133  12683193  12852171  13014899  12673414  12853093  12681955'
b'   12796990  12665146  12684095  12853075  13015459  12674241  12853998  12683039'
b'   12796845  12665148  12684285  12853047  13015941  12674424  12854106  12683099'
b'   12797182  12665548  12684841  12853347  13016707  12674974  12854676  12683578'
b'   12797927  12666308  12685482  12854062  13017659  12675744  12855370  12684430'
b'   12798771  12667137  12686185  12854804  13018940  12676856  12856200  12685255'
b'   12798296  12666537  12685706  12854472  13018603  12676279  12855590  12684734'
b'   12799184  12667299  12686298  12855360  13019482  12677087  12856315  12685441'
b'   12799479  12667402  12686529  12855651  13019677  12677307  12856379  12685428'
b'   12798782  12666513  12685542  12854864  13018801  12676283  12855440  12684373'
b'   12797965  12665277  12684139  12854033  13017127  12674936  12854384  12683281'
b'   12799153  12666409  12685228  12855004  13017912  12675864  12855344  12684401'
b'   12800249  12667619  12686390  12856193  13018611  12676768  12856199  12685284'
b'   12799809  12667122  12686099  12855711  13017838  12676144  12855769  12684582'
b'   12800628  12667985  12686966  12856517  13018436  12676900  12856526  12685394'
b'   12800771  12668250  12687118  12856726  13018573  12676970  12856564  12685631'
b'   12800900  12668499  12687479  12856929  13018579  12677179  12856776  12685747'
b'   12800572  12668190  12687194  12856572  13018241  12676745  12856433  12685309'
b'   12800939  12668521  12687646  12856938  13018703  12677115  12856933  12685636'
b'   12801058  12668733  12687881  12857122  13018796  12677261  12856982  12685854'
b'   12800572  12668423  12687507  12856748  13018621  12676981  12856642  12685586'
b'   12801519  12669384  12688618  12857736  13019772  12678170  12857839  12686708'
b'   12801397  12669350  12688456  12857606  13019790  12678024  12857622  12686611'
b'   12801430  12669410  12688733  12857786  13020129  12678253  12857765  12686827'
b'   12802061  12670293  12689578  12858393  13021213  12679246  12858789  12687657'
b'   12801230  12669461  12688808  12857620  13020868  12678614  12858186  12687064'
b'   12801898  12670195  12689592  12858207  13021819  12679461  12858912  12687774'
b'   12801754  12670093  12689491  12858246  13022358  12679525  12858920  12687858'
b'   12802101  12670323  12689691  12858589  13022795  12679928  12859082  12688088'
b'   12802814  12671005  12690406  12859322  13023629  12680568  12859809  12688744'
b'   12803239  12671145  12690424  12859643  13023795  12680739  12859953  12688862'
b'   12802685  12670444  12689725  12859153  13023048  12680044  12859051  12688027'
b'   12803572  12671204  12690409  12860087  13023673  12680653  12859745  12688720'
b'   12803343  12670734  12689824  12859761  13022586  12679841  12858919  12687931'
b'   12803799  12671132  12690201  12860179  13022677  12680179  12859169  12688200'
b'   12803264  12670489  12689634  12859556  13021715  12679314  12858581  12687490'
b'   12801921  12669193  12688365  12858320  13020338  12677883  12857321  12686220'
b'   12802742  12670078  12689348  12859033  13021084  12678757  12858262  12687044'
b'   12804310  12671818  12691100  12860673  13022357  12680204  12859855  12688689'
b'   12802629  12670195  12689518  12859082  13020870  12678704  12858308  12686994'
b'   12802893  12670447  12689702  12859356  13021097  12678902  12858541  12687226'
b'   12803004  12670711  12689970  12859553  13021311  12679164  12858786  12687473'
b'   12803946  12671818  12691128  12860704  13022469  12680300  12859819  12688576'
b'   12803895  12671558  12691031  12860688  13022601  12680113  12859802  12688512'
b'   12803731  12671601  12690874  12860744  13022899  12680161  12859841  12688445'
b'   12803933  12671822  12691284  12861617  13023690  12680563  12860197  12688876'
b'   12803748  12671808  12691201  12862758  13024869  12680669  12860379  12689025'
b'   12804135  12672032  12691444  12865292  13027026  12681045  12860837  12689691'
b'   12803877  12671387  12690364  12867515  13028352  12679969  12859835  12689086'
b'   12804635  12671748  12690889  12871500  13031964  12680888  12860561  12690209'
b'   12803780  12670195  12688838  12874030  13033570  12679371  12858904  12689118'
b'   12804100  12670174  12688808  12876879  13035715  12679493  12858703  12689390'
b'   12803500  12668819  12687183  12878149  13036681  12678326  12857280  12688420'
b'   12802823  12667639  12685756  12879181  13037628  12677032  12855989  12687349'
b'   12802999  12666932  12685088  12881564  13039422  12676659  12855286  12687147'
b'   12802172  12665817  12683710  12882008  13039332  12675170  12853591  12685731'
b'   12802311  12665464  12683397  12883273  13040459  12674838  12853315  12685687'
b'   12802328  12665124  12683104  12884307  13041275  12674620  12852963  12685417'
b'   12802647  12665391  12683409  12885866  13042851  12674861  12853078  12685797'
b'   12801637  12664329  12682300  12885191  13042865  12673941  12852001  12684699'
b'   12802361  12664917  12682859  12887420  13044915  12674472  12852319  12685438'
b'   12801877  12664185  12682032  12887596  13044869  12673939  12851695  12684746'
b'   12801493  12663729  12681799  12887962  13044962  12673337  12851220  12684332'
b'   12801386  12663543  12681803  12888259  13045304  12673352  12851008  12684284'
b'   12801862  12664019  12682351  12889203  13046164  12673986  12851412  12684840'
b'   12802888  12664848  12683326  12890518  13047496  12674920  12852361  12685871'
b'   12802844  12664895  12683451  12890737  13048466  12675161  12852363  12685960'
b'   12802432  12664385  12683188  12889999  13048148  12675111  12852047  12685715'
b'   12802427  12664654  12683521  12889109  13047676  12675571  12852438  12685856'
b'   12802426  12664840  12683999  12889896  13049233  12676091  12852831  12686360'
b'   12803084  12665655  12684820  12889485  13049475  12677154  12853686  12687116'
b'   12803301  12665957  12685036  12888893  13050106  12677907  12854482  12687596'
b'   12803161  12665716  12684674  12888557  13050167  12677713  12854211  12687207'
b'   12803185  12665470  12684316  12888910  13050217  12677443  12853921  12687004'
b'   12803242  12665192  12684183  12890078  13050905  12677077  12853417  12686846'
b'   12803944  12665440  12684465  12891100  13051365  12677329  12853334  12686984'
b'   12803179  12664587  12683552  12889734  13050000  12676518  12852498  12686092'
b'   12803510  12664732  12683473  12890065  13050332  12676464  12852291  12686083'
b'   12803360  12664320  12683134  12890295  13050039  12675934  12851717  12685566'
b'   12803118  12663894  12682764  12891055  13050267  12675501  12851231  12685121'
b'   12801962  12662544  12681519  12891263  13049988  12673922  12849715  12683704'
b'   12802905  12663631  12682569  12892964  13051228  12674897  12850473  12684680'
b'   12803535  12664222  12683236  12894049  13052218  12675391  12851083  12685272'
b'   12803318  12664067  12683250  12894346  13052083  12675188  12850936  12685083'
b'   12802758  12663196  12682485  12894856  13052511  12674582  12850196  12684497'
b'   12803125  12663572  12683125  12895764  13053504  12675111  12850456  12685007'
b'   12801355  12661613  12681385  12895535  13052607  12673065  12848465  12683325'
b'   12802736  12662896  12682778  12897199  13054531  12674648  12849802  12684677'
b'   12803207  12663127  12683215  12899198  13055928  12674807  12849925  12685047'
b'   12802607  12662596  12682695  12898986  13056075  12674442  12849406  12684509'
b'   12802779  12662800  12683008  12900788  13057620  12674737  12849529  12684901'
b'   12802952  12662933  12683405  12901994  13058776  12675119  12849672  12685224'
b'   12803634  12663811  12684511  12903482  13060725  12676357  12850616  12686309'
b'   12802287  12662471  12683393  12902301  13059663  12675185  12849539  12685047'
b'   12802835  12662862  12683650  12903363  13060850  12675643  12849720  12685508'
b'   12802507  12662228  12683228  12902856  13060878  12675383  12849421  12685024'
b'   12802118  12661795  12682784  12901527  13059866  12675106  12848905  12684425'
b'   12802511  12661902  12682840  12901513  13059859  12675226  12848906  12684564'
b'   12802974  12662291  12682932  12901746  13059624  12675385  12849029  12684745'
b'   12803154  12662327  12683143  12901566  13058922  12675332  12849097  12684596'
b'   12803489  12662672  12683173  12901070  13058391  12675243  12849075  12684511'
b'   12803614  12662713  12683229  12900879  13057933  12675253  12849046  12684514'
b'   12802915  12662083  12682562  12900243  13057131  12674636  12848448  12683852'
b'   12803378  12662690  12683415  12901901  13057719  12674914  12848839  12684338'
b'   12803436  12662953  12683689  12900857  13056989  12675164  12849270  12684324'
b'   12804129  12663487  12684286  12902714  13058022  12675629  12849717  12684871'
b'   12803810  12663314  12684214  12902258  13058090  12675572  12849650  12684809'
b'   12803488  12663029  12683908  12902257  13058213  12675295  12849289  12684564'
b'   12803658  12663292  12684236  12902323  13058229  12675650  12849519  12684752'
b'   12804052  12663706  12684932  12903089  13058873  12676051  12850053  12685333'
b'   12803981  12663759  12684888  12902196  13059101  12676522  12850346  12685479'
b'   12804312  12663966  12685312  12902796  13060432  12677126  12850854  12685874'
b'   12803748  12663563  12684740  12902743  13060695  12676973  12850582  12685501'
b'   12803877  12663694  12685203  12902774  13061274  12677299  12850671  12685847'
b'   12804140  12664274  12686121  12903706  13063086  12678609  12851682  12686746'
b'   12805277  12665282  12687157  12904624  13064518  12679969  12852909  12687955'
b'   12804933  12664906  12686886  12904948  13064819  12679812  12852444  12687650'
b'   12805119  12664950  12686814  12905080  13065083  12679713  12852265  12687666'
b'   12804298  12663944  12685799  12905142  13064923  12678826  12851289  12686692'
b'   12804500  12664076  12685832  12905189  13064656  12678869  12851309  12686666'
b'   12805159  12664529  12686152  12905504  13064737  12679190  12851642  12686960'
b'   12805037  12664264  12685809  12904339  13063770  12678965  12851539  12686491'
b'   12804246  12663325  12684835  12903994  13062760  12677715  12850199  12685458'
b'   12804626  12663633  12685089  12904044  13062251  12677758  12850341  12685537'
b'   12804610  12663652  12685131  12903647  13061626  12677611  12850259  12685296'
b'   12804841  12664083  12685430  12903115  13060953  12677771  12850594  12685425'
b'   12805209  12664413  12686010  12904271  13061659  12678020  12850932  12685928'
b'   12805012  12664357  12685936  12903735  13061649  12678152  12851027  12685858'
b'   12803891  12663271  12684918  12902613  13060202  12677119  12849925  12684683'
b'   12804170  12663948  12685525  12902577  13060223  12677806  12850744  12685254'
b'   12804556  12664564  12686228  12901125  13059552  12678359  12851242  12685498'
b'   12804064  12664388  12686055  12899645  13058382  12678135  12851099  12685207'
b'   12805287  12665820  12687616  12900940  13059449  12679652  12852638  12686453'
b'   12804779  12665513  12687288  12899359  13057953  12679262  12852391  12685997'
b'   12805315  12666521  12688685  12898506  13057356  12680351  12853495  12687062'
b'   12805956  12667979  12690503  12895937  13055003  12682100  12855108  12687996'
b'   12805671  12668545  12691105  12893124  13053301  12682803  12856170  12688280'
b'   12807309  12671101  12693805  12892645  13053460  12685342  12858755  12690289'
b'   12807726  12671731  12694636  12891847  13052643  12685923  12859427  12690715'
b'   12809049  12673406  12696330  12891343  13052377  12687694  12860990  12692161'
b'   12809947  12674660  12698269  12889577  13050297  12689308  12862338  12693129'
b'   12810739  12675792  12700093  12886843  13048148  12690708  12863569  12693838'
b'   12810927  12676751  12701592  12882833  13045308  12691933  12864616  12693949'
b'   12811576  12677842  12702699  12881073  13043803  12692854  12865514  12694139'
b'   12810981  12677081  12701552  12880528  13042782  12691676  12864767  12693338'
b'   12811137  12677286  12701558  12880409  13042488  12691279  12864807  12693417'
b'   12810900  12677272  12701238  12879866  13041636  12690834  12864761  12693190'
b'   12811447  12678308  12702208  12878917  13040925  12691449  12865403  12693528'
b'   12811852  12679105  12703458  12878032  13040172  12692300  12866166  12693990'
b'   12812811  12680309  12704578  12878805  13040800  12693202  12867289  12695102'
b'   12811522  12679081  12703183  12877412  13039398  12691753  12866206  12693779'
b'   12812116  12679834  12703780  12877940  13039796  12692386  12867030  12694569'
b'   12812731  12680508  12704377  12878449  13040401  12692870  12867582  12695135'
b'   12813071  12680888  12704802  12878697  13040732  12693234  12868072  12695547'
b'   12813331  12681252  12705197  12879017  13041277  12693628  12868587  12696067'
b'   12812899  12680904  12704699  12878662  13040875  12693082  12868284  12695650'
b'   12813050  12681226  12705102  12878941  13041348  12693491  12868716  12696043'
b'   12812488  12680717  12704525  12878404  13041245  12692954  12868425  12695682'
b'   12812937  12681302  12705186  12878976  13042106  12693825  12869141  12696539'
b'   12812359  12680805  12704515  12878360  13041872  12693216  12868684  12695924'
b'   12813745  12682212  12706023  12879777  13043827  12694983  12870352  12697756'
b'   12813205  12681685  12705468  12879307  13043673  12694422  12869752  12697301'
b'   12813080  12681574  12705199  12879285  13043556  12694174  12869607  12697141'
b'   12812722  12680843  12704506  12878910  13043175  12693797  12868964  12696529'
b'   12811838  12679850  12703221  12878073  13042225  12692474  12867824  12695359'
b'   12812680  12680508  12703549  12878852  13042433  12692792  12868010  12695876'
b'   12812658  12680340  12703570  12878912  13041990  12692468  12867733  12695542'
b'   12811871  12679420  12702376  12878102  13040862  12691207  12866745  12694432'
b'   12812871  12680252  12703394  12879068  13041197  12691923  12867588  12695213'
b'   12811787  12679336  12702432  12878063  13040176  12690878  12866759  12694103'
b'   12813327  12680963  12704030  12879745  13041514  12692403  12868401  12695778'
b'   12813070  12680931  12704011  12879637  13041209  12692153  12868340  12695630'
b'   12812340  12680213  12703103  12878904  13040537  12691389  12867544  12694854'
b'   12812586  12680355  12703383  12879126  13040667  12691496  12867679  12695075'
b'   12812104  12680070  12703142  12878845  13040570  12691282  12867466  12694812'
b'   12811978  12680029  12703102  12878796  13040555  12691248  12867420  12694813'
b'   12811814  12679901  12702901  12878725  13040496  12691086  12867325  12694641'
b'   12811907  12680144  12703312  12878892  13040988  12691356  12867731  12695038'
b'   12811701  12680036  12703092  12878620  13040915  12691271  12867622  12694936'
b'   12813352  12681941  12705101  12880496  13043297  12693513  12869658  12697057'
b'   12812743  12681497  12704580  12879911  13043207  12693219  12869515  12696788'
b'   12813145  12681892  12705145  12880479  13043977  12693843  12870087  12697357'
b'   12812582  12681202  12704396  12879839  13044004  12693338  12869522  12696864'
b'   12813546  12682074  12705325  12881028  13045083  12694409  12870473  12697802'
b'   12813828  12682339  12705452  12881244  13045370  12694531  12870516  12698010'
b'   12812362  12680499  12703500  12879752  13043707  12692601  12868400  12695749'
b'   12812742  12680787  12703853  12880298  13044027  12692970  12868930  12696212'
b'   12812628  12680558  12703449  12880113  13043619  12692619  12868773  12695929'
b'   12813000  12680789  12703442  12880523  13043233  12692537  12869017  12696200'
b'   12812816  12680495  12703044  12880358  13042690  12692199  12868796  12696010'
